-1000.9766	1.29E-142
-997.9248422	9.82E-142
-994.8730844	7.44E-141
-991.8213266	5.60E-140
-988.7695687	4.19E-139
-985.7178109	3.12E-138
-982.6660531	2.30E-137
-979.6142953	1.69E-136
-976.5625375	1.23E-135
-973.5107797	8.95E-135
-970.4590219	6.45E-134
-967.4072641	4.61E-133
-964.3555062	3.28E-132
-961.3037484	2.32E-131
-958.2519906	1.63E-130
-955.2002328	1.14E-129
-952.148475	7.88E-129
-949.0967172	5.43E-128
-946.0449594	3.72E-127
-942.9932016	2.53E-126
-939.9414437	1.71E-125
-936.8896859	1.15E-124
-933.8379281	7.65E-124
-930.7861703	5.08E-123
-927.7344125	3.34E-122
-924.6826547	2.19E-121
-921.6308969	1.42E-120
-918.5791391	9.21E-120
-915.5273812	5.91E-119
-912.4756234	3.77E-118
-909.4238656	2.39E-117
-906.3721078	1.51E-116
-903.32035	9.44E-116
-900.2685922	5.87E-115
-897.2168344	3.63E-114
-894.1650766	2.23E-113
-891.1133187	1.36E-112
-888.0615609	8.26E-112
-885.0098031	4.98E-111
-881.9580453	2.98E-110
-878.9062875	1.77E-109
-875.8545297	1.05E-108
-872.8027719	6.16E-108
-869.7510141	3.60E-107
-866.6992562	2.09E-106
-863.6474984	1.20E-105
-860.5957406	6.89E-105
-857.5439828	3.92E-104
-854.492225	2.22E-103
-851.4404672	1.25E-102
-848.3887094	6.95E-102
-845.3369516	3.86E-101
-842.2851937	2.13E-100
-839.2334359	1.17E-99
-836.1816781	6.34E-99
-833.1299203	3.43E-98
-830.0781625	1.84E-97
-827.0264047	9.84E-97
-823.9746469	5.22E-96
-820.9228891	2.75E-95
-817.8711312	1.44E-94
-814.8193734	7.51E-94
-811.7676156	3.88E-93
-808.7158578	2.00E-92
-805.6641	1.02E-91
-802.6123422	5.17E-91
-799.5605844	2.61E-90
-796.5088266	1.31E-89
-793.4570687	6.51E-89
-790.4053109	3.22E-88
-787.3535531	1.58E-87
-784.3017953	7.73E-87
-781.2500375	3.75E-86
-778.1982797	1.81E-85
-775.1465219	8.67E-85
-772.0947641	4.13E-84
-769.0430062	1.95E-83
-765.9912484	9.19E-83
-762.9394906	4.29E-82
-759.8877328	1.99E-81
-756.835975	9.19E-81
-753.7842172	4.21E-80
-750.7324594	1.92E-79
-747.6807016	8.68E-79
-744.6289437	3.91E-78
-741.5771859	1.74E-77
-738.5254281	7.75E-77
-735.4736703	3.42E-76
-732.4219125	1.50E-75
-729.3701547	6.53E-75
-726.3183969	2.82E-74
-723.2666391	1.21E-73
-720.2148812	5.19E-73
-717.1631234	2.20E-72
-714.1113656	9.30E-72
-711.0596078	3.90E-71
-708.00785	1.63E-70
-704.9560922	6.73E-70
-701.9043344	2.77E-69
-698.8525766	1.13E-68
-695.8008187	4.59E-68
-692.7490609	1.85E-67
-689.6973031	7.44E-67
-686.6455453	2.96E-66
-683.5937875	1.17E-65
-680.5420297	4.62E-65
-677.4902719	1.80E-64
-674.4385141	7.01E-64
-671.3867562	2.71E-63
-668.3349984	1.04E-62
-665.2832406	3.96E-62
-662.2314828	1.50E-61
-659.179725	5.64E-61
-656.1279672	2.11E-60
-653.0762094	7.83E-60
-650.0244516	2.89E-59
-646.9726937	1.06E-58
-643.9209359	3.87E-58
-640.8691781	1.40E-57
-637.8174203	5.04E-57
-634.7656625	1.80E-56
-631.7139047	6.41E-56
-628.6621469	2.26E-55
-625.6103891	7.94E-55
-622.5586312	2.77E-54
-619.5068734	9.59E-54
-616.4551156	3.30E-53
-613.4033578	1.13E-52
-610.3516	3.84E-52
-607.2998422	1.30E-51
-604.2480844	4.35E-51
-601.1963266	1.45E-50
-598.1445687	4.81E-50
-595.0928109	1.58E-49
-592.0410531	5.18E-49
-588.9892953	1.68E-48
-585.9375375	5.44E-48
-582.8857797	1.75E-47
-579.8340219	5.57E-47
-576.7822641	1.77E-46
-573.7305062	5.56E-46
-570.6787484	1.74E-45
-567.6269906	5.41E-45
-564.5752328	1.67E-44
-561.523475	5.14E-44
-558.4717172	1.57E-43
-555.4199594	4.75E-43
-552.3682016	1.43E-42
-549.3164437	4.29E-42
-546.2646859	1.27E-41
-543.2129281	3.77E-41
-540.1611703	1.11E-40
-537.1094125	3.23E-40
-534.0576547	9.37E-40
-531.0058969	2.70E-39
-527.9541391	7.73E-39
-524.9023812	2.20E-38
-521.8506234	6.22E-38
-518.7988656	1.75E-37
-515.7471078	4.88E-37
-512.69535	1.35E-36
-509.6435922	3.73E-36
-506.5918344	1.02E-35
-503.5400766	2.78E-35
-500.4883187	7.51E-35
-497.4365609	2.02E-34
-494.3848031	5.39E-34
-491.3330453	1.43E-33
-488.2812875	3.77E-33
-485.2295297	9.88E-33
-482.1777719	2.57E-32
-479.1260141	6.66E-32
-476.0742562	1.71E-31
-473.0224984	4.37E-31
-469.9707406	1.11E-30
-466.9189828	2.80E-30
-463.867225	7.01E-30
-460.8154672	1.75E-29
-457.7637094	4.32E-29
-454.7119516	1.06E-28
-451.6601937	2.60E-28
-448.6084359	6.30E-28
-445.5566781	1.52E-27
-442.5049203	3.65E-27
-439.4531625	8.69E-27
-436.4014047	2.06E-26
-433.3496469	4.84E-26
-430.2978891	1.13E-25
-427.2461312	2.63E-25
-424.1943734	6.06E-25
-421.1426156	1.39E-24
-418.0908578	3.17E-24
-415.0391	7.18E-24
-411.9873422	1.61E-23
-408.9355844	3.61E-23
-405.8838266	8.02E-23
-402.8320687	1.77E-22
-399.7803109	3.89E-22
-396.7285531	8.47E-22
-393.6767953	1.84E-21
-390.6250375	3.95E-21
-387.5732797	8.46E-21
-384.5215219	1.80E-20
-381.4697641	3.80E-20
-378.4180062	7.97E-20
-375.3662484	1.66E-19
-372.3144906	3.45E-19
-369.2627328	7.10E-19
-366.210975	1.45E-18
-363.1592172	2.95E-18
-360.1074594	5.97E-18
-357.0557016	1.20E-17
-354.0039437	2.39E-17
-350.9521859	4.75E-17
-347.9004281	9.35E-17
-344.8486703	1.83E-16
-341.7969125	3.56E-16
-338.7451547	6.89E-16
-335.6933969	1.32E-15
-332.6416391	2.53E-15
-329.5898812	4.80E-15
-326.5381234	9.04E-15
-323.4863656	1.69E-14
-320.4346078	3.15E-14
-317.38285	5.84E-14
-314.3310922	1.07E-13
-311.2793344	1.96E-13
-308.2275766	3.56E-13
-305.1758187	6.42E-13
-302.1240609	1.15E-12
-299.0723031	2.05E-12
-296.0205453	3.63E-12
-292.9687875	6.39E-12
-289.9170297	1.12E-11
-286.8652719	1.94E-11
-283.8135141	3.35E-11
-280.7617562	5.75E-11
-277.7099984	9.80E-11
-274.6582406	1.66E-10
-271.6064828	2.80E-10
-268.554725	4.68E-10
-265.5029672	7.78E-10
-262.4512094	1.29E-09
-259.3994516	2.11E-09
-256.3476937	3.44E-09
-253.2959359	5.58E-09
-250.2441781	9.00E-09
-247.1924203	1.44E-08
-244.1406625	2.29E-08
-241.0889047	3.63E-08
-238.0371469	5.70E-08
-234.9853891	8.90E-08
-231.9336312	1.38E-07
-228.8818734	2.13E-07
-225.8301156	3.27E-07
-222.7783578	4.98E-07
-219.7266	7.54E-07
-216.6748422	1.13E-06
-213.6230844	1.70E-06
-210.5713266	2.52E-06
-207.5195687	3.72E-06
-204.4678109	5.46E-06
-201.4160531	7.97E-06
-198.3642953	1.15E-05
-195.3125375	1.66E-05
-192.2607797	2.38E-05
-189.2090219	3.39E-05
-186.1572641	4.79E-05
-183.1055062	6.73E-05
-180.0537484	9.41E-05
-177.0019906	1.31E-04
-173.9502328	1.80E-04
-170.898475	2.47E-04
-167.8467172	3.37E-04
-164.7949594	4.56E-04
-161.7432016	6.14E-04
-158.6914437	8.21E-04
-155.6396859	1.09E-03
-152.5879281	1.44E-03
-149.5361703	1.90E-03
-146.4844125	2.48E-03
-143.4326547	3.21E-03
-140.3808969	4.15E-03
-137.3291391	5.32E-03
-134.2773812	6.78E-03
-131.2256234	8.58E-03
-128.1738656	1.08E-02
-125.1221078	1.35E-02
-122.07035	1.68E-02
-119.0185922	2.08E-02
-115.9668344	2.56E-02
-112.9150766	3.13E-02
-109.8633187	3.80E-02
-106.8115609	4.59E-02
-103.7598031	5.51E-02
-100.7080453	6.57E-02
-97.6562875	7.80E-02
-94.60452969	9.19E-02
-91.55277187	1.08E-01
-88.50101406	1.26E-01
-85.44925625	1.46E-01
-82.39749844	1.68E-01
-79.34574062	1.92E-01
-76.29398281	2.19E-01
-73.242225	2.48E-01
-70.19046719	2.80E-01
-67.13870937	3.13E-01
-64.08695156	3.49E-01
-61.03519375	3.86E-01
-57.98343594	4.26E-01
-54.93167812	4.66E-01
-51.87992031	5.08E-01
-48.8281625	5.50E-01
-45.77640469	5.93E-01
-42.72464687	6.36E-01
-39.67288906	6.78E-01
-36.62113125	7.20E-01
-33.56937344	7.60E-01
-30.51761562	7.98E-01
-27.46585781	8.34E-01
-24.4141	8.67E-01
-21.36234219	8.97E-01
-18.31058437	9.24E-01
-15.25882656	9.47E-01
-12.20706875	9.66E-01
-9.155310937	9.80E-01
-6.103553125	9.91E-01
-3.051795312	9.98E-01
-3.75E-05	1.00E+00
3.051720313	9.98E-01
6.103478125	9.92E-01
9.155235938	9.83E-01
12.20699375	9.69E-01
15.25875156	9.53E-01
18.31050938	9.33E-01
21.36226719	9.11E-01
24.414025	8.87E-01
27.46578281	8.60E-01
30.51754063	8.32E-01
33.56929844	8.03E-01
36.62105625	7.72E-01
39.67281406	7.41E-01
42.72457188	7.10E-01
45.77632969	6.79E-01
48.8280875	6.47E-01
51.87984531	6.16E-01
54.93160313	5.86E-01
57.98336094	5.57E-01
61.03511875	5.28E-01
64.08687656	5.00E-01
67.13863438	4.74E-01
70.19039219	4.48E-01
73.24215	4.24E-01
76.29390781	4.00E-01
79.34566563	3.78E-01
82.39742344	3.57E-01
85.44918125	3.37E-01
88.50093906	3.19E-01
91.55269688	3.01E-01
94.60445469	2.84E-01
97.6562125	2.69E-01
100.7079703	2.54E-01
103.7597281	2.40E-01
106.8114859	2.27E-01
109.8632438	2.15E-01
112.9150016	2.04E-01
115.9667594	1.93E-01
119.0185172	1.83E-01
122.070275	1.73E-01
125.1220328	1.65E-01
128.1737906	1.56E-01
131.2255484	1.48E-01
134.2773063	1.41E-01
137.3290641	1.34E-01
140.3808219	1.28E-01
143.4325797	1.22E-01
146.4843375	1.16E-01
149.5360953	1.10E-01
152.5878531	1.05E-01
155.6396109	1.00E-01
158.6913688	9.58E-02
161.7431266	9.15E-02
164.7948844	8.74E-02
167.8466422	8.36E-02
170.8984	7.99E-02
173.9501578	7.65E-02
177.0019156	7.32E-02
180.0536734	7.01E-02
183.1054313	6.72E-02
186.1571891	6.44E-02
189.2089469	6.17E-02
192.2607047	5.92E-02
195.3124625	5.68E-02
198.3642203	5.45E-02
201.4159781	5.24E-02
204.4677359	5.03E-02
207.5194938	4.83E-02
210.5712516	4.65E-02
213.6230094	4.47E-02
216.6747672	4.29E-02
219.726525	4.13E-02
222.7782828	3.98E-02
225.8300406	3.83E-02
228.8817984	3.68E-02
231.9335563	3.55E-02
234.9853141	3.42E-02
238.0370719	3.29E-02
241.0888297	3.17E-02
244.1405875	3.05E-02
247.1923453	2.94E-02
250.2441031	2.84E-02
253.2958609	2.74E-02
256.3476188	2.64E-02
259.3993766	2.55E-02
262.4511344	2.46E-02
265.5028922	2.37E-02
268.55465	2.29E-02
271.6064078	2.21E-02
274.6581656	2.13E-02
277.7099234	2.06E-02
280.7616813	1.99E-02
283.8134391	1.92E-02
286.8651969	1.85E-02
289.9169547	1.79E-02
292.9687125	1.73E-02
296.0204703	1.67E-02
299.0722281	1.61E-02
302.1239859	1.56E-02
305.1757438	1.50E-02
308.2275016	1.45E-02
311.2792594	1.40E-02
314.3310172	1.36E-02
317.382775	1.31E-02
320.4345328	1.27E-02
323.4862906	1.23E-02
326.5380484	1.18E-02
329.5898063	1.15E-02
332.6415641	1.11E-02
335.6933219	1.07E-02
338.7450797	1.03E-02
341.7968375	1.00E-02
344.8485953	9.67E-03
347.9003531	9.35E-03
350.9521109	9.05E-03
354.0038688	8.75E-03
357.0556266	8.46E-03
360.1073844	8.18E-03
363.1591422	7.91E-03
366.2109	7.65E-03
369.2626578	7.40E-03
372.3144156	7.16E-03
375.3661734	6.92E-03
378.4179313	6.70E-03
381.4696891	6.48E-03
384.5214469	6.27E-03
387.5732047	6.06E-03
390.6249625	5.86E-03
393.6767203	5.67E-03
396.7284781	5.49E-03
399.7802359	5.31E-03
402.8319938	5.14E-03
405.8837516	4.97E-03
408.9355094	4.81E-03
411.9872672	4.65E-03
415.039025	4.50E-03
418.0907828	4.35E-03
421.1425406	4.21E-03
424.1942984	4.08E-03
427.2460563	3.94E-03
430.2978141	3.81E-03
433.3495719	3.69E-03
436.4013297	3.57E-03
439.4530875	3.46E-03
442.5048453	3.34E-03
445.5566031	3.24E-03
448.6083609	3.13E-03
451.6601188	3.03E-03
454.7118766	2.93E-03
457.7636344	2.84E-03
460.8153922	2.74E-03
463.86715	2.66E-03
466.9189078	2.57E-03
469.9706656	2.49E-03
473.0224234	2.41E-03
476.0741813	2.33E-03
479.1259391	2.25E-03
482.1776969	2.18E-03
485.2294547	2.11E-03
488.2812125	2.04E-03
491.3329703	1.98E-03
494.3847281	1.91E-03
497.4364859	1.85E-03
500.4882438	1.79E-03
503.5400016	1.73E-03
506.5917594	1.68E-03
509.6435172	1.62E-03
512.695275	1.57E-03
515.7470328	1.52E-03
518.7987906	1.47E-03
521.8505484	1.42E-03
524.9023063	1.38E-03
527.9540641	1.33E-03
531.0058219	1.29E-03
534.0575797	1.25E-03
537.1093375	1.21E-03
540.1610953	1.17E-03
543.2128531	1.13E-03
546.2646109	1.09E-03
549.3163688	1.06E-03
552.3681266	1.02E-03
555.4198844	9.91E-04
558.4716422	9.59E-04
561.5234	9.28E-04
564.5751578	8.98E-04
567.6269156	8.69E-04
570.6786734	8.41E-04
573.7304313	8.14E-04
576.7821891	7.88E-04
579.8339469	7.62E-04
582.8857047	7.38E-04
585.9374625	7.14E-04
588.9892203	6.91E-04
592.0409781	6.69E-04
595.0927359	6.47E-04
598.1444938	6.26E-04
601.1962516	6.06E-04
604.2480094	5.86E-04
607.2997672	5.67E-04
610.351525	5.49E-04
613.4032828	5.31E-04
616.4550406	5.14E-04
619.5067984	4.98E-04
622.5585563	4.82E-04
625.6103141	4.66E-04
628.6620719	4.51E-04
631.7138297	4.37E-04
634.7655875	4.22E-04
637.8173453	4.09E-04
640.8691031	3.96E-04
643.9208609	3.83E-04
646.9726188	3.71E-04
650.0243766	3.59E-04
653.0761344	3.47E-04
656.1278922	3.36E-04
659.17965	3.25E-04
662.2314078	3.14E-04
665.2831656	3.04E-04
668.3349234	2.95E-04
671.3866813	2.85E-04
674.4384391	2.76E-04
677.4901969	2.67E-04
680.5419547	2.58E-04
683.5937125	2.50E-04
686.6454703	2.42E-04
689.6972281	2.34E-04
692.7489859	2.27E-04
695.8007438	2.19E-04
698.8525016	2.12E-04
701.9042594	2.05E-04
704.9560172	1.99E-04
708.007775	1.92E-04
711.0595328	1.86E-04
714.1112906	1.80E-04
717.1630484	1.74E-04
720.2148063	1.69E-04
723.2665641	1.63E-04
726.3183219	1.58E-04
729.3700797	1.53E-04
732.4218375	1.48E-04
735.4735953	1.43E-04
738.5253531	1.39E-04
741.5771109	1.34E-04
744.6288688	1.30E-04
747.6806266	1.26E-04
750.7323844	1.22E-04
753.7841422	1.18E-04
756.8359	1.14E-04
759.8876578	1.10E-04
762.9394156	1.07E-04
765.9911734	1.03E-04
769.0429313	9.98E-05
772.0946891	9.66E-05
775.1464469	9.35E-05
778.1982047	9.05E-05
781.2499625	8.75E-05
784.3017203	8.47E-05
787.3534781	8.20E-05
790.4052359	7.93E-05
793.4569938	7.68E-05
796.5087516	7.43E-05
799.5605094	7.19E-05
802.6122672	6.96E-05
805.664025	6.73E-05
808.7157828	6.52E-05
811.7675406	6.31E-05
814.8192984	6.10E-05
817.8710563	5.91E-05
820.9228141	5.72E-05
823.9745719	5.53E-05
827.0263297	5.35E-05
830.0780875	5.18E-05
833.1298453	5.01E-05
836.1816031	4.85E-05
839.2333609	4.70E-05
842.2851188	4.54E-05
845.3368766	4.40E-05
848.3886344	4.26E-05
851.4403922	4.12E-05
854.49215	3.99E-05
857.5439078	3.86E-05
860.5956656	3.73E-05
863.6474234	3.61E-05
866.6991813	3.50E-05
869.7509391	3.38E-05
872.8026969	3.27E-05
875.8544547	3.17E-05
878.9062125	3.07E-05
881.9579703	2.97E-05
885.0097281	2.87E-05
888.0614859	2.78E-05
891.1132438	2.69E-05
894.1650016	2.60E-05
897.2167594	2.52E-05
900.2685172	2.44E-05
903.320275	2.36E-05
906.3720328	2.28E-05
909.4237906	2.21E-05
912.4755484	2.14E-05
915.5273063	2.07E-05
918.5790641	2.00E-05
921.6308219	1.94E-05
924.6825797	1.87E-05
927.7343375	1.81E-05
930.7860953	1.76E-05
933.8378531	1.70E-05
936.8896109	1.64E-05
939.9413688	1.59E-05
942.9931266	1.54E-05
946.0448844	1.49E-05
949.0966422	1.44E-05
952.1484	1.40E-05
955.2001578	1.35E-05
958.2519156	1.31E-05
961.3036734	1.27E-05
964.3554313	1.22E-05
967.4071891	1.18E-05
970.4589469	1.15E-05
973.5107047	1.11E-05
976.5624625	1.07E-05
979.6142203	1.04E-05
982.6659781	1.01E-05
985.7177359	9.73E-06
988.7694938	9.42E-06
991.8212516	9.11E-06
994.8730094	8.82E-06
997.9247672	8.54E-06
1000.976525	8.26E-06
1004.028283	7.99E-06
1007.080041	7.74E-06
1010.131798	7.49E-06
1013.183556	7.25E-06
1016.235314	7.01E-06
1019.287072	6.79E-06
1022.33883	6.57E-06
1025.390588	6.35E-06
1028.442345	6.15E-06
1031.494103	5.95E-06
1034.545861	5.76E-06
1037.597619	5.57E-06
1040.649377	5.39E-06
1043.701134	5.22E-06
1046.752892	5.05E-06
1049.80465	4.89E-06
1052.856408	4.73E-06
1055.908166	4.58E-06
1058.959923	4.43E-06
1062.011681	4.29E-06
1065.063439	4.15E-06
1068.115197	4.02E-06
1071.166955	3.89E-06
1074.218713	3.76E-06
1077.27047	3.64E-06
1080.322228	3.52E-06
1083.373986	3.41E-06
1086.425744	3.30E-06
1089.477502	3.19E-06
1092.529259	3.09E-06
1095.581017	2.99E-06
1098.632775	2.89E-06
1101.684533	2.80E-06
1104.736291	2.71E-06
1107.788048	2.62E-06
1110.839806	2.54E-06
1113.891564	2.46E-06
1116.943322	2.38E-06
1119.99508	2.30E-06
1123.046838	2.23E-06
1126.098595	2.15E-06
1129.150353	2.08E-06
1132.202111	2.02E-06
1135.253869	1.95E-06
1138.305627	1.89E-06
1141.357384	1.83E-06
1144.409142	1.77E-06
1147.4609	1.71E-06
1150.512658	1.66E-06
1153.564416	1.60E-06
1156.616173	1.55E-06
1159.667931	1.50E-06
1162.719689	1.45E-06
1165.771447	1.41E-06
1168.823205	1.36E-06
1171.874963	1.32E-06
1174.92672	1.27E-06
1177.978478	1.23E-06
1181.030236	1.19E-06
1184.081994	1.16E-06
1187.133752	1.12E-06
1190.185509	1.08E-06
1193.237267	1.05E-06
1196.289025	1.01E-06
1199.340783	9.81E-07
1202.392541	9.49E-07
1205.444298	9.18E-07
1208.496056	8.89E-07
1211.547814	8.60E-07
1214.599572	8.32E-07
1217.65133	8.05E-07
1220.703088	7.79E-07
1223.754845	7.54E-07
1226.806603	7.30E-07
1229.858361	7.06E-07
1232.910119	6.84E-07
1235.961877	6.62E-07
1239.013634	6.40E-07
1242.065392	6.20E-07
1245.11715	6.00E-07
1248.168908	5.80E-07
1251.220666	5.62E-07
1254.272423	5.43E-07
1257.324181	5.26E-07
1260.375939	5.09E-07
1263.427697	4.93E-07
1266.479455	4.77E-07
1269.531213	4.61E-07
1272.58297	4.46E-07
1275.634728	4.32E-07
1278.686486	4.18E-07
1281.738244	4.05E-07
1284.790002	3.92E-07
1287.841759	3.79E-07
1290.893517	3.67E-07
1293.945275	3.55E-07
1296.997033	3.43E-07
1300.048791	3.32E-07
1303.100548	3.22E-07
1306.152306	3.11E-07
1309.204064	3.01E-07
1312.255822	2.91E-07
1315.30758	2.82E-07
1318.359338	2.73E-07
1321.411095	2.64E-07
1324.462853	2.56E-07
1327.514611	2.47E-07
1330.566369	2.39E-07
1333.618127	2.32E-07
1336.669884	2.24E-07
1339.721642	2.17E-07
1342.7734	2.10E-07
1345.825158	2.03E-07
1348.876916	1.97E-07
1351.928673	1.90E-07
1354.980431	1.84E-07
1358.032189	1.78E-07
1361.083947	1.72E-07
1364.135705	1.67E-07
1367.187463	1.62E-07
1370.23922	1.56E-07
1373.290978	1.51E-07
1376.342736	1.46E-07
1379.394494	1.42E-07
1382.446252	1.37E-07
1385.498009	1.33E-07
1388.549767	1.28E-07
1391.601525	1.24E-07
1394.653283	1.20E-07
1397.705041	1.16E-07
1400.756798	1.13E-07
1403.808556	1.09E-07
1406.860314	1.05E-07
1409.912072	1.02E-07
1412.96383	9.88E-08
1416.015588	9.56E-08
1419.067345	9.25E-08
1422.119103	8.95E-08
1425.170861	8.66E-08
1428.222619	8.39E-08
1431.274377	8.11E-08
1434.326134	7.85E-08
1437.377892	7.60E-08
1440.42965	7.35E-08
1443.481408	7.12E-08
1446.533166	6.89E-08
1449.584923	6.67E-08
1452.636681	6.45E-08
1455.688439	6.24E-08
1458.740197	6.04E-08
1461.791955	5.85E-08
1464.843713	5.66E-08
1467.89547	5.48E-08
1470.947228	5.30E-08
1473.998986	5.13E-08
1477.050744	4.96E-08
1480.102502	4.80E-08
1483.154259	4.65E-08
1486.206017	4.50E-08
1489.257775	4.35E-08
1492.309533	4.21E-08
1495.361291	4.08E-08
1498.413048	3.94E-08
1501.464806	3.82E-08
1504.516564	3.69E-08
1507.568322	3.58E-08
1510.62008	3.46E-08
1513.671838	3.35E-08
1516.723595	3.24E-08
1519.775353	3.14E-08
1522.827111	3.03E-08
1525.878869	2.94E-08
1528.930627	2.84E-08
1531.982384	2.75E-08
1535.034142	2.66E-08
1538.0859	2.58E-08
1541.137658	2.49E-08
1544.189416	2.41E-08
1547.241173	2.33E-08
1550.292931	2.26E-08
1553.344689	2.19E-08
1556.396447	2.12E-08
1559.448205	2.05E-08
1562.499963	1.98E-08
1565.55172	1.92E-08
1568.603478	1.86E-08
1571.655236	1.80E-08
1574.706994	1.74E-08
1577.758752	1.68E-08
1580.810509	1.63E-08
1583.862267	1.58E-08
1586.914025	1.52E-08
1589.965783	1.48E-08
1593.017541	1.43E-08
1596.069298	1.38E-08
1599.121056	1.34E-08
1602.172814	1.29E-08
1605.224572	1.25E-08
1608.27633	1.21E-08
1611.328088	1.17E-08
1614.379845	1.13E-08
1617.431603	1.10E-08
1620.483361	1.06E-08
1623.535119	1.03E-08
1626.586877	9.95E-09
1629.638634	9.63E-09
1632.690392	9.32E-09
1635.74215	9.02E-09
1638.793908	8.73E-09
1641.845666	8.45E-09
1644.897423	8.18E-09
1647.949181	7.91E-09
1651.000939	7.66E-09
1654.052697	7.41E-09
1657.104455	7.17E-09
1660.156213	6.94E-09
1663.20797	6.72E-09
1666.259728	6.50E-09
1669.311486	6.29E-09
1672.363244	6.09E-09
1675.415002	5.89E-09
1678.466759	5.70E-09
1681.518517	5.52E-09
1684.570275	5.34E-09
1687.622033	5.17E-09
1690.673791	5.00E-09
1693.725548	4.84E-09
1696.777306	4.68E-09
1699.829064	4.53E-09
1702.880822	4.39E-09
1705.93258	4.24E-09
1708.984338	4.11E-09
1712.036095	3.97E-09
1715.087853	3.85E-09
1718.139611	3.72E-09
1721.191369	3.60E-09
1724.243127	3.49E-09
1727.294884	3.37E-09
1730.346642	3.26E-09
1733.3984	3.16E-09
1736.450158	3.06E-09
1739.501916	2.96E-09
1742.553673	2.86E-09
1745.605431	2.77E-09
1748.657189	2.68E-09
1751.708947	2.60E-09
1754.760705	2.51E-09
1757.812463	2.43E-09
1760.86422	2.35E-09
1763.915978	2.28E-09
1766.967736	2.20E-09
1770.019494	2.13E-09
1773.071252	2.06E-09
1776.123009	2.00E-09
1779.174767	1.93E-09
1782.226525	1.87E-09
1785.278283	1.81E-09
1788.330041	1.75E-09
1791.381798	1.69E-09
1794.433556	1.64E-09
1797.485314	1.59E-09
1800.537072	1.54E-09
1803.58883	1.49E-09
1806.640588	1.44E-09
1809.692345	1.39E-09
1812.744103	1.35E-09
1815.795861	1.30E-09
1818.847619	1.26E-09
1821.899377	1.22E-09
1824.951134	1.18E-09
1828.002892	1.14E-09
1831.05465	1.11E-09
1834.106408	1.07E-09
1837.158166	1.04E-09
1840.209923	1.00E-09
1843.261681	9.71E-10
1846.313439	9.39E-10
1849.365197	9.09E-10
1852.416955	8.80E-10
1855.468713	8.51E-10
1858.52047	8.24E-10
1861.572228	7.97E-10
1864.623986	7.71E-10
1867.675744	7.47E-10
1870.727502	7.23E-10
1873.779259	6.99E-10
1876.831017	6.77E-10
1879.882775	6.55E-10
1882.934533	6.34E-10
1885.986291	6.13E-10
1889.038048	5.93E-10
1892.089806	5.74E-10
1895.141564	5.56E-10
1898.193322	5.38E-10
1901.24508	5.21E-10
1904.296838	5.04E-10
1907.348595	4.88E-10
1910.400353	4.72E-10
1913.452111	4.57E-10
1916.503869	4.42E-10
1919.555627	4.28E-10
1922.607384	4.14E-10
1925.659142	4.00E-10
1928.7109	3.88E-10
1931.762658	3.75E-10
1934.814416	3.63E-10
1937.866173	3.51E-10
1940.917931	3.40E-10
1943.969689	3.29E-10
1947.021447	3.18E-10
1950.073205	3.08E-10
1953.124963	2.98E-10
1956.17672	2.89E-10
1959.228478	2.79E-10
1962.280236	2.70E-10
1965.331994	2.61E-10
1968.383752	2.53E-10
1971.435509	2.45E-10
1974.487267	2.37E-10
1977.539025	2.29E-10
1980.590783	2.22E-10
1983.642541	2.15E-10
1986.694298	2.08E-10
1989.746056	2.01E-10
1992.797814	1.95E-10
1995.849572	1.88E-10
1998.90133	1.82E-10
2001.953088	1.76E-10
2005.004845	1.71E-10
2008.056603	1.65E-10
2011.108361	1.60E-10
2014.160119	1.55E-10
2017.211877	1.50E-10
2020.263634	1.45E-10
2023.315392	1.40E-10
2026.36715	1.36E-10
2029.418908	1.31E-10
2032.470666	1.27E-10
2035.522423	1.23E-10
2038.574181	1.19E-10
2041.625939	1.15E-10
2044.677697	1.11E-10
2047.729455	1.08E-10
2050.781213	1.04E-10
2053.83297	1.01E-10
2056.884728	9.78E-11
2059.936486	9.46E-11
2062.988244	9.16E-11
2066.040002	8.86E-11
2069.091759	8.58E-11
2072.143517	8.30E-11
2075.195275	8.03E-11
2078.247033	7.77E-11
2081.298791	7.52E-11
2084.350548	7.28E-11
2087.402306	7.04E-11
2090.454064	6.82E-11
2093.505822	6.60E-11
2096.55758	6.38E-11
2099.609338	6.18E-11
2102.661095	5.98E-11
2105.712853	5.79E-11
2108.764611	5.60E-11
2111.816369	5.42E-11
2114.868127	5.24E-11
2117.919884	5.08E-11
2120.971642	4.91E-11
2124.0234	4.75E-11
2127.075158	4.60E-11
2130.126916	4.45E-11
2133.178673	4.31E-11
2136.230431	4.17E-11
2139.282189	4.03E-11
2142.333947	3.90E-11
2145.385705	3.78E-11
2148.437463	3.66E-11
2151.48922	3.54E-11
2154.540978	3.42E-11
2157.592736	3.31E-11
2160.644494	3.21E-11
2163.696252	3.10E-11
2166.748009	3.00E-11
2169.799767	2.91E-11
2172.851525	2.81E-11
2175.903283	2.72E-11
2178.955041	2.63E-11
2182.006798	2.55E-11
2185.058556	2.47E-11
2188.110314	2.39E-11
2191.162072	2.31E-11
2194.21383	2.24E-11
2197.265588	2.16E-11
2200.317345	2.09E-11
2203.369103	2.03E-11
2206.420861	1.96E-11
2209.472619	1.90E-11
2212.524377	1.84E-11
2215.576134	1.78E-11
2218.627892	1.72E-11
2221.67965	1.66E-11
2224.731408	1.61E-11
2227.783166	1.56E-11
2230.834923	1.51E-11
2233.886681	1.46E-11
2236.938439	1.41E-11
2239.990197	1.37E-11
2243.041955	1.32E-11
2246.093713	1.28E-11
2249.14547	1.24E-11
2252.197228	1.20E-11
2255.248986	1.16E-11
2258.300744	1.12E-11
2261.352502	1.09E-11
2264.404259	1.05E-11
2267.456017	1.02E-11
2270.507775	9.85E-12
2273.559533	9.53E-12
2276.611291	9.23E-12
2279.663048	8.93E-12
2282.714806	8.64E-12
2285.766564	8.36E-12
2288.818322	8.09E-12
2291.87008	7.83E-12
2294.921838	7.58E-12
2297.973595	7.33E-12
2301.025353	7.10E-12
2304.077111	6.87E-12
2307.128869	6.65E-12
2310.180627	6.43E-12
2313.232384	6.23E-12
2316.284142	6.02E-12
2319.3359	5.83E-12
2322.387658	5.64E-12
2325.439416	5.46E-12
2328.491173	5.28E-12
2331.542931	5.11E-12
2334.594689	4.95E-12
2337.646447	4.79E-12
2340.698205	4.63E-12
2343.749963	4.49E-12
2346.80172	4.34E-12
2349.853478	4.20E-12
2352.905236	4.06E-12
2355.956994	3.93E-12
2359.008752	3.81E-12
2362.060509	3.68E-12
2365.112267	3.57E-12
2368.164025	3.45E-12
2371.215783	3.34E-12
2374.267541	3.23E-12
2377.319298	3.13E-12
2380.371056	3.03E-12
2383.422814	2.93E-12
2386.474572	2.83E-12
2389.52633	2.74E-12
2392.578088	2.65E-12
2395.629845	2.57E-12
2398.681603	2.49E-12
2401.733361	2.41E-12
2404.785119	2.33E-12
2407.836877	2.25E-12
2410.888634	2.18E-12
2413.940392	2.11E-12
2416.99215	2.04E-12
2420.043908	1.98E-12
2423.095666	1.91E-12
2426.147423	1.85E-12
2429.199181	1.79E-12
2432.250939	1.73E-12
2435.302697	1.68E-12
2438.354455	1.62E-12
2441.406213	1.57E-12
2444.45797	1.52E-12
2447.509728	1.47E-12
2450.561486	1.42E-12
2453.613244	1.38E-12
2456.665002	1.33E-12
2459.716759	1.29E-12
2462.768517	1.25E-12
2465.820275	1.21E-12
2468.872033	1.17E-12
2471.923791	1.13E-12
2474.975548	1.10E-12
2478.027306	1.06E-12
2481.079064	1.03E-12
2484.130822	9.93E-13
2487.18258	9.61E-13
2490.234338	9.30E-13
2493.286095	9.00E-13
2496.337853	8.71E-13
2499.389611	8.43E-13
2502.441369	8.15E-13
2505.493127	7.89E-13
2508.544884	7.64E-13
2511.596642	7.39E-13
2514.6484	7.15E-13
2517.700158	6.92E-13
2520.751916	6.70E-13
2523.803673	6.48E-13
2526.855431	6.27E-13
2529.907189	6.07E-13
2532.958947	5.87E-13
2536.010705	5.68E-13
2539.062463	5.50E-13
2542.11422	5.32E-13
2545.165978	5.15E-13
2548.217736	4.99E-13
2551.269494	4.83E-13
2554.321252	4.67E-13
2557.373009	4.52E-13
2560.424767	4.37E-13
2563.476525	4.23E-13
2566.528283	4.10E-13
2569.580041	3.96E-13
2572.631798	3.84E-13
2575.683556	3.71E-13
2578.735314	3.59E-13
2581.787072	3.48E-13
2584.83883	3.36E-13
2587.890588	3.26E-13
2590.942345	3.15E-13
2593.994103	3.05E-13
2597.045861	2.95E-13
2600.097619	2.86E-13
2603.149377	2.76E-13
2606.201134	2.67E-13
2609.252892	2.59E-13
2612.30465	2.50E-13
2615.356408	2.42E-13
2618.408166	2.35E-13
2621.459923	2.27E-13
2624.511681	2.20E-13
2627.563439	2.13E-13
2630.615197	2.06E-13
2633.666955	1.99E-13
2636.718713	1.93E-13
2639.77047	1.86E-13
2642.822228	1.80E-13
2645.873986	1.75E-13
2648.925744	1.69E-13
2651.977502	1.64E-13
2655.029259	1.58E-13
2658.081017	1.53E-13
2661.132775	1.48E-13
2664.184533	1.43E-13
2667.236291	1.39E-13
2670.288048	1.34E-13
2673.339806	1.30E-13
2676.391564	1.26E-13
2679.443322	1.22E-13
2682.49508	1.18E-13
2685.546838	1.14E-13
2688.598595	1.10E-13
2691.650353	1.07E-13
2694.702111	1.03E-13
2697.753869	1.00E-13
2700.805627	9.68E-14
2703.857384	9.37E-14
2706.909142	9.06E-14
2709.9609	8.77E-14
2713.012658	8.49E-14
2716.064416	8.21E-14
2719.116173	7.95E-14
2722.167931	7.69E-14
2725.219689	7.45E-14
2728.271447	7.21E-14
2731.323205	6.97E-14
2734.374963	6.75E-14
2737.42672	6.53E-14
2740.478478	6.32E-14
2743.530236	6.12E-14
2746.581994	5.92E-14
2749.633752	5.73E-14
2752.685509	5.54E-14
2755.737267	5.36E-14
2758.789025	5.19E-14
2761.840783	5.02E-14
2764.892541	4.86E-14
2767.944298	4.70E-14
2770.996056	4.55E-14
2774.047814	4.41E-14
2777.099572	4.26E-14
2780.15133	4.13E-14
2783.203088	3.99E-14
2786.254845	3.86E-14
2789.306603	3.74E-14
2792.358361	3.62E-14
2795.410119	3.50E-14
2798.461877	3.39E-14
2801.513634	3.28E-14
2804.565392	3.17E-14
2807.61715	3.07E-14
2810.668908	2.97E-14
2813.720666	2.88E-14
2816.772423	2.78E-14
2819.824181	2.69E-14
2822.875939	2.61E-14
2825.927697	2.52E-14
2828.979455	2.44E-14
2832.031213	2.36E-14
2835.08297	2.29E-14
2838.134728	2.21E-14
2841.186486	2.14E-14
2844.238244	2.07E-14
2847.290002	2.01E-14
2850.341759	1.94E-14
2853.393517	1.88E-14
2856.445275	1.82E-14
2859.497033	1.76E-14
2862.548791	1.70E-14
2865.600548	1.65E-14
2868.652306	1.59E-14
2871.704064	1.54E-14
2874.755822	1.49E-14
2877.80758	1.45E-14
2880.859338	1.40E-14
2883.911095	1.35E-14
2886.962853	1.31E-14
2890.014611	1.27E-14
2893.066369	1.23E-14
2896.118127	1.19E-14
2899.169884	1.15E-14
2902.221642	1.11E-14
2905.2734	1.08E-14
2908.325158	1.04E-14
2911.376916	1.01E-14
2914.428673	9.75E-15
2917.480431	9.44E-15
2920.532189	9.13E-15
2923.583947	8.84E-15
2926.635705	8.55E-15
2929.687463	8.28E-15
2932.73922	8.01E-15
2935.790978	7.75E-15
2938.842736	7.50E-15
2941.894494	7.26E-15
2944.946252	7.03E-15
2947.998009	6.80E-15
2951.049767	6.58E-15
2954.101525	6.37E-15
2957.153283	6.16E-15
2960.205041	5.96E-15
2963.256798	5.77E-15
2966.308556	5.58E-15
2969.360314	5.40E-15
2972.412072	5.23E-15
2975.46383	5.06E-15
2978.515588	4.90E-15
2981.567345	4.74E-15
2984.619103	4.59E-15
2987.670861	4.44E-15
2990.722619	4.30E-15
2993.774377	4.16E-15
2996.826134	4.02E-15
2999.877892	3.89E-15
3002.92965	3.77E-15
3005.981408	3.65E-15
3009.033166	3.53E-15
3012.084923	3.42E-15
3015.136681	3.30E-15
3018.188439	3.20E-15
3021.240197	3.10E-15
3024.291955	3.00E-15
3027.343713	2.90E-15
3030.39547	2.81E-15
3033.447228	2.71E-15
3036.498986	2.63E-15
3039.550744	2.54E-15
3042.602502	2.46E-15
3045.654259	2.38E-15
3048.706017	2.30E-15
3051.757775	2.23E-15
3054.809533	2.16E-15
3057.861291	2.09E-15
3060.913048	2.02E-15
3063.964806	1.96E-15
3067.016564	1.89E-15
3070.068322	1.83E-15
3073.12008	1.77E-15
3076.171838	1.72E-15
3079.223595	1.66E-15
3082.275353	1.61E-15
3085.327111	1.55E-15
3088.378869	1.50E-15
3091.430627	1.46E-15
3094.482384	1.41E-15
3097.534142	1.36E-15
3100.5859	1.32E-15
3103.637658	1.28E-15
3106.689416	1.24E-15
3109.741173	1.20E-15
3112.792931	1.16E-15
3115.844689	1.12E-15
3118.896447	1.08E-15
3121.948205	1.05E-15
3124.999963	1.02E-15
3128.05172	9.82E-16
3131.103478	9.51E-16
3134.155236	9.20E-16
3137.206994	8.90E-16
3140.258752	8.62E-16
3143.310509	8.34E-16
3146.362267	8.07E-16
3149.414025	7.81E-16
3152.465783	7.56E-16
3155.517541	7.31E-16
3158.569298	7.08E-16
3161.621056	6.85E-16
3164.672814	6.63E-16
3167.724572	6.42E-16
3170.77633	6.21E-16
3173.828088	6.01E-16
3176.879845	5.81E-16
3179.931603	5.63E-16
3182.983361	5.45E-16
3186.035119	5.27E-16
3189.086877	5.10E-16
3192.138634	4.94E-16
3195.190392	4.78E-16
3198.24215	4.62E-16
3201.293908	4.47E-16
3204.345666	4.33E-16
3207.397423	4.19E-16
3210.449181	4.05E-16
3213.500939	3.92E-16
3216.552697	3.80E-16
3219.604455	3.67E-16
3222.656213	3.56E-16
3225.70797	3.44E-16
3228.759728	3.33E-16
3231.811486	3.22E-16
3234.863244	3.12E-16
3237.915002	3.02E-16
3240.966759	2.92E-16
3244.018517	2.83E-16
3247.070275	2.74E-16
3250.122033	2.65E-16
3253.173791	2.56E-16
3256.225548	2.48E-16
3259.277306	2.40E-16
3262.329064	2.32E-16
3265.380822	2.25E-16
3268.43258	2.17E-16
3271.484338	2.10E-16
3274.536095	2.04E-16
3277.587853	1.97E-16
3280.639611	1.91E-16
3283.691369	1.85E-16
3286.743127	1.79E-16
3289.794884	1.73E-16
3292.846642	1.67E-16
3295.8984	1.62E-16
3298.950158	1.57E-16
3302.001916	1.52E-16
3305.053673	1.47E-16
3308.105431	1.42E-16
3311.157189	1.37E-16
3314.208947	1.33E-16
3317.260705	1.29E-16
3320.312463	1.25E-16
3323.36422	1.21E-16
3326.415978	1.17E-16
3329.467736	1.13E-16
3332.519494	1.09E-16
3335.571252	1.06E-16
3338.623009	1.02E-16
3341.674767	9.90E-17
3344.726525	9.58E-17
3347.778283	9.27E-17
3350.830041	8.97E-17
3353.881798	8.68E-17
3356.933556	8.40E-17
3359.985314	8.13E-17
3363.037072	7.87E-17
3366.08883	7.61E-17
3369.140588	7.37E-17
3372.192345	7.13E-17
3375.244103	6.90E-17
3378.295861	6.68E-17
3381.347619	6.46E-17
3384.399377	6.25E-17
3387.451134	6.05E-17
3390.502892	5.86E-17
3393.55465	5.67E-17
3396.606408	5.49E-17
3399.658166	5.31E-17
3402.709923	5.14E-17
3405.761681	4.97E-17
3408.813439	4.81E-17
3411.865197	4.66E-17
3414.916955	4.51E-17
3417.968713	4.36E-17
3421.02047	4.22E-17
3424.072228	4.08E-17
3427.123986	3.95E-17
3430.175744	3.83E-17
3433.227502	3.70E-17
3436.279259	3.58E-17
3439.331017	3.47E-17
3442.382775	3.35E-17
3445.434533	3.25E-17
3448.486291	3.14E-17
3451.538048	3.04E-17
3454.589806	2.94E-17
3457.641564	2.85E-17
3460.693322	2.76E-17
3463.74508	2.67E-17
3466.796838	2.58E-17
3469.848595	2.50E-17
3472.900353	2.42E-17
3475.952111	2.34E-17
3479.003869	2.26E-17
3482.055627	2.19E-17
3485.107384	2.12E-17
3488.159142	2.05E-17
3491.2109	1.99E-17
3494.262658	1.92E-17
3497.314416	1.86E-17
3500.366173	1.80E-17
3503.417931	1.74E-17
3506.469689	1.69E-17
3509.521447	1.63E-17
3512.573205	1.58E-17
3515.624963	1.53E-17
3518.67672	1.48E-17
3521.728478	1.43E-17
3524.780236	1.38E-17
3527.831994	1.34E-17
3530.883752	1.30E-17
3533.935509	1.25E-17
3536.987267	1.21E-17
3540.039025	1.17E-17
3543.090783	1.14E-17
3546.142541	1.10E-17
3549.194298	1.06E-17
3552.246056	1.03E-17
3555.297814	9.97E-18
3558.349572	9.65E-18
3561.40133	9.34E-18
3564.453088	9.04E-18
3567.504845	8.75E-18
3570.556603	8.47E-18
3573.608361	8.19E-18
3576.660119	7.93E-18
3579.711877	7.67E-18
3582.763634	7.42E-18
3585.815392	7.19E-18
3588.86715	6.95E-18
3591.918908	6.73E-18
3594.970666	6.51E-18
3598.022423	6.30E-18
3601.074181	6.10E-18
3604.125939	5.90E-18
3607.177697	5.71E-18
3610.229455	5.53E-18
3613.281213	5.35E-18
3616.33297	5.18E-18
3619.384728	5.01E-18
3622.436486	4.85E-18
3625.488244	4.69E-18
3628.540002	4.54E-18
3631.591759	4.39E-18
3634.643517	4.25E-18
3637.695275	4.12E-18
3640.747033	3.98E-18
3643.798791	3.85E-18
3646.850548	3.73E-18
3649.902306	3.61E-18
3652.954064	3.49E-18
3656.005822	3.38E-18
3659.05758	3.27E-18
3662.109338	3.17E-18
3665.161095	3.06E-18
3668.212853	2.96E-18
3671.264611	2.87E-18
3674.316369	2.78E-18
3677.368127	2.69E-18
3680.419884	2.60E-18
3683.471642	2.52E-18
3686.5234	2.44E-18
3689.575158	2.36E-18
3692.626916	2.28E-18
3695.678673	2.21E-18
3698.730431	2.14E-18
3701.782189	2.07E-18
3704.833947	2.00E-18
3707.885705	1.94E-18
3710.937463	1.87E-18
3713.98922	1.81E-18
3717.040978	1.75E-18
3720.092736	1.70E-18
3723.144494	1.64E-18
3726.196252	1.59E-18
3729.248009	1.54E-18
3732.299767	1.49E-18
3735.351525	1.44E-18
3738.403283	1.39E-18
3741.455041	1.35E-18
3744.506798	1.31E-18
3747.558556	1.26E-18
3750.610314	1.22E-18
3753.662072	1.18E-18
3756.71383	1.15E-18
3759.765588	1.11E-18
3762.817345	1.07E-18
3765.869103	1.04E-18
3768.920861	1.00E-18
3771.972619	9.72E-19
3775.024377	9.41E-19
3778.076134	9.11E-19
3781.127892	8.81E-19
3784.17965	8.53E-19
3787.231408	8.25E-19
3790.283166	7.99E-19
3793.334923	7.73E-19
3796.386681	7.48E-19
3799.438439	7.24E-19
3802.490197	7.01E-19
3805.541955	6.78E-19
3808.593713	6.56E-19
3811.64547	6.35E-19
3814.697228	6.14E-19
3817.748986	5.95E-19
3820.800744	5.75E-19
3823.852502	5.57E-19
3826.904259	5.39E-19
3829.956017	5.22E-19
3833.007775	5.05E-19
3836.059533	4.88E-19
3839.111291	4.73E-19
3842.163048	4.57E-19
3845.214806	4.43E-19
3848.266564	4.28E-19
3851.318322	4.15E-19
3854.37008	4.01E-19
3857.421838	3.88E-19
3860.473595	3.76E-19
3863.525353	3.64E-19
3866.577111	3.52E-19
3869.628869	3.41E-19
3872.680627	3.30E-19
3875.732384	3.19E-19
3878.784142	3.09E-19
3881.8359	2.99E-19
3884.887658	2.89E-19
3887.939416	2.80E-19
3890.991173	2.71E-19
3894.042931	2.62E-19
3897.094689	2.54E-19
3900.146447	2.45E-19
3903.198205	2.37E-19
3906.249963	2.30E-19
3909.30172	2.22E-19
3912.353478	2.15E-19
3915.405236	2.08E-19
3918.456994	2.02E-19
3921.508752	1.95E-19
3924.560509	1.89E-19
3927.612267	1.83E-19
3930.664025	1.77E-19
3933.715783	1.71E-19
3936.767541	1.66E-19
3939.819298	1.60E-19
3942.871056	1.55E-19
3945.922814	1.50E-19
3948.974572	1.45E-19
3952.02633	1.41E-19
3955.078088	1.36E-19
3958.129845	1.32E-19
3961.181603	1.27E-19
3964.233361	1.23E-19
3967.285119	1.19E-19
3970.336877	1.15E-19
3973.388634	1.12E-19
3976.440392	1.08E-19
3979.49215	1.05E-19
3982.543908	1.01E-19
3985.595666	9.80E-20
3988.647423	9.48E-20
3991.699181	9.18E-20
3994.750939	8.88E-20
3997.802697	8.59E-20
4000.854455	8.32E-20
4003.906213	8.05E-20
4006.95797	7.79E-20
4010.009728	7.54E-20
4013.061486	7.29E-20
4016.113244	7.06E-20
4019.165002	6.83E-20
4022.216759	6.61E-20
4025.268517	6.40E-20
4028.320275	6.19E-20
4031.372033	5.99E-20
4034.423791	5.80E-20
4037.475548	5.61E-20
4040.527306	5.43E-20
4043.579064	5.25E-20
4046.630822	5.09E-20
4049.68258	4.92E-20
4052.734338	4.76E-20
4055.786095	4.61E-20
4058.837853	4.46E-20
4061.889611	4.32E-20
4064.941369	4.18E-20
4067.993127	4.04E-20
4071.044884	3.91E-20
4074.096642	3.79E-20
4077.1484	3.66E-20
4080.200158	3.55E-20
4083.251916	3.43E-20
4086.303673	3.32E-20
4089.355431	3.21E-20
4092.407189	3.11E-20
4095.458947	3.01E-20
4098.510705	2.91E-20
4101.562463	2.82E-20
4104.61422	2.73E-20
4107.665978	2.64E-20
4110.717736	2.55E-20
4113.769494	2.47E-20
4116.821252	2.39E-20
4119.873009	2.32E-20
4122.924767	2.24E-20
4125.976525	2.17E-20
4129.028283	2.10E-20
4132.080041	2.03E-20
4135.131798	1.97E-20
4138.183556	1.90E-20
4141.235314	1.84E-20
4144.287072	1.78E-20
4147.33883	1.72E-20
4150.390588	1.67E-20
4153.442345	1.61E-20
4156.494103	1.56E-20
4159.545861	1.51E-20
4162.597619	1.46E-20
4165.649377	1.42E-20
4168.701134	1.37E-20
4171.752892	1.33E-20
4174.80465	1.28E-20
4177.856408	1.24E-20
4180.908166	1.20E-20
4183.959923	1.16E-20
4187.011681	1.13E-20
4190.063439	1.09E-20
4193.115197	1.05E-20
4196.166955	1.02E-20
4199.218713	9.87E-21
4202.27047	9.55E-21
4205.322228	9.24E-21
4208.373986	8.95E-21
4211.425744	8.66E-21
4214.477502	8.38E-21
4217.529259	8.11E-21
4220.581017	7.85E-21
4223.632775	7.59E-21
4226.684533	7.35E-21
4229.736291	7.11E-21
4232.788048	6.88E-21
4235.839806	6.66E-21
4238.891564	6.45E-21
4241.943322	6.24E-21
4244.99508	6.04E-21
4248.046838	5.84E-21
4251.098595	5.65E-21
4254.150353	5.47E-21
4257.202111	5.29E-21
4260.253869	5.12E-21
4263.305627	4.96E-21
4266.357384	4.80E-21
4269.409142	4.64E-21
4272.4609	4.49E-21
4275.512658	4.35E-21
4278.564416	4.21E-21
4281.616173	4.07E-21
4284.667931	3.94E-21
4287.719689	3.81E-21
4290.771447	3.69E-21
4293.823205	3.57E-21
4296.874963	3.46E-21
4299.92672	3.35E-21
4302.978478	3.24E-21
4306.030236	3.13E-21
4309.081994	3.03E-21
4312.133752	2.93E-21
4315.185509	2.84E-21
4318.237267	2.75E-21
4321.289025	2.66E-21
4324.340783	2.57E-21
4327.392541	2.49E-21
4330.444298	2.41E-21
4333.496056	2.33E-21
4336.547814	2.26E-21
4339.599572	2.18E-21
4342.65133	2.11E-21
4345.703088	2.05E-21
4348.754845	1.98E-21
4351.806603	1.92E-21
4354.858361	1.85E-21
4357.910119	1.79E-21
4360.961877	1.74E-21
4364.013634	1.68E-21
4367.065392	1.63E-21
4370.11715	1.57E-21
4373.168908	1.52E-21
4376.220666	1.47E-21
4379.272423	1.43E-21
4382.324181	1.38E-21
4385.375939	1.34E-21
4388.427697	1.29E-21
4391.479455	1.25E-21
4394.531213	1.21E-21
4397.58297	1.17E-21
4400.634728	1.13E-21
4403.686486	1.10E-21
4406.738244	1.06E-21
4409.790002	1.03E-21
4412.841759	9.95E-22
4415.893517	9.62E-22
4418.945275	9.31E-22
4421.997033	9.01E-22
4425.048791	8.72E-22
4428.100548	8.44E-22
4431.152306	8.17E-22
4434.204064	7.91E-22
4437.255822	7.65E-22
4440.30758	7.40E-22
4443.359338	7.17E-22
4446.411095	6.93E-22
4449.462853	6.71E-22
4452.514611	6.49E-22
4455.566369	6.28E-22
4458.618127	6.08E-22
4461.669884	5.89E-22
4464.721642	5.70E-22
4467.7734	5.51E-22
4470.825158	5.33E-22
4473.876916	5.16E-22
4476.928673	5.00E-22
4479.980431	4.83E-22
4483.032189	4.68E-22
4486.083947	4.53E-22
4489.135705	4.38E-22
4492.187463	4.24E-22
4495.23922	4.10E-22
4498.290978	3.97E-22
4501.342736	3.84E-22
4504.394494	3.72E-22
4507.446252	3.60E-22
4510.498009	3.48E-22
4513.549767	3.37E-22
4516.601525	3.26E-22
4519.653283	3.16E-22
4522.705041	3.06E-22
4525.756798	2.96E-22
4528.808556	2.86E-22
4531.860314	2.77E-22
4534.912072	2.68E-22
4537.96383	2.59E-22
4541.015588	2.51E-22
4544.067345	2.43E-22
4547.119103	2.35E-22
4550.170861	2.27E-22
4553.222619	2.20E-22
4556.274377	2.13E-22
4559.326134	2.06E-22
4562.377892	1.99E-22
4565.42965	1.93E-22
4568.481408	1.87E-22
4571.533166	1.81E-22
4574.584923	1.75E-22
4577.636681	1.69E-22
4580.688439	1.64E-22
4583.740197	1.59E-22
4586.791955	1.53E-22
4589.843713	1.49E-22
4592.89547	1.44E-22
4595.947228	1.39E-22
4598.998986	1.35E-22
4602.050744	1.30E-22
4605.102502	1.26E-22
4608.154259	1.22E-22
4611.206017	1.18E-22
4614.257775	1.14E-22
4617.309533	1.11E-22
4620.361291	1.07E-22
4623.413048	1.04E-22
4626.464806	1.00E-22
4629.516564	9.70E-23
4632.568322	9.38E-23
4635.62008	9.08E-23
4638.671838	8.79E-23
4641.723595	8.51E-23
4644.775353	8.23E-23
4647.827111	7.97E-23
4650.878869	7.71E-23
4653.930627	7.46E-23
4656.982384	7.22E-23
4660.034142	6.99E-23
4663.0859	6.76E-23
4666.137658	6.54E-23
4669.189416	6.33E-23
4672.241173	6.13E-23
4675.292931	5.93E-23
4678.344689	5.74E-23
4681.396447	5.55E-23
4684.448205	5.37E-23
4687.499963	5.20E-23
4690.55172	5.03E-23
4693.603478	4.87E-23
4696.655236	4.71E-23
4699.706994	4.56E-23
4702.758752	4.41E-23
4705.810509	4.27E-23
4708.862267	4.13E-23
4711.914025	4.00E-23
4714.965783	3.87E-23
4718.017541	3.75E-23
4721.069298	3.63E-23
4724.121056	3.51E-23
4727.172814	3.40E-23
4730.224572	3.29E-23
4733.27633	3.18E-23
4736.328088	3.08E-23
4739.379845	2.98E-23
4742.431603	2.88E-23
4745.483361	2.79E-23
4748.535119	2.70E-23
4751.586877	2.61E-23
4754.638634	2.53E-23
4757.690392	2.45E-23
4760.74215	2.37E-23
4763.793908	2.29E-23
4766.845666	2.22E-23
4769.897423	2.15E-23
4772.949181	2.08E-23
4776.000939	2.01E-23
4779.052697	1.95E-23
4782.104455	1.88E-23
4785.156213	1.82E-23
4788.20797	1.76E-23
4791.259728	1.71E-23
4794.311486	1.65E-23
4797.363244	1.60E-23
4800.415002	1.55E-23
4803.466759	1.50E-23
4806.518517	1.45E-23
4809.570275	1.40E-23
4812.622033	1.36E-23
4815.673791	1.31E-23
4818.725548	1.27E-23
4821.777306	1.23E-23
4824.829064	1.19E-23
4827.880822	1.15E-23
4830.93258	1.11E-23
4833.984338	1.08E-23
4837.036095	1.04E-23
4840.087853	1.01E-23
4843.139611	9.77E-24
4846.191369	9.46E-24
4849.243127	9.15E-24
4852.294884	8.85E-24
4855.346642	8.57E-24
4858.3984	8.29E-24
4861.450158	8.03E-24
4864.501916	7.77E-24
4867.553673	7.52E-24
4870.605431	7.27E-24
4873.657189	7.04E-24
4876.708947	6.81E-24
4879.760705	6.59E-24
4882.812463	6.38E-24
4885.86422	6.17E-24
4888.915978	5.97E-24
4891.967736	5.78E-24
4895.019494	5.60E-24
4898.071252	5.41E-24
4901.123009	5.24E-24
4904.174767	5.07E-24
4907.226525	4.91E-24
4910.278283	4.75E-24
4913.330041	4.60E-24
4916.381798	4.45E-24
4919.433556	4.30E-24
4922.485314	4.17E-24
4925.537072	4.03E-24
4928.58883	3.90E-24
4931.640588	3.78E-24
4934.692345	3.65E-24
4937.744103	3.54E-24
4940.795861	3.42E-24
4943.847619	3.31E-24
4946.899377	3.20E-24
4949.951134	3.10E-24
4953.002892	3.00E-24
4956.05465	2.90E-24
4959.106408	2.81E-24
4962.158166	2.72E-24
4965.209923	2.63E-24
4968.261681	2.55E-24
4971.313439	2.47E-24
4974.365197	2.39E-24
4977.416955	2.31E-24
4980.468713	2.23E-24
4983.52047	2.16E-24
4986.572228	2.09E-24
4989.623986	2.02E-24
4992.675744	1.96E-24
4995.727502	1.90E-24
4998.779259	1.84E-24
5001.831017	1.78E-24
5004.882775	1.72E-24
5007.934533	1.66E-24
5010.986291	1.61E-24
5014.038048	1.56E-24
5017.089806	1.51E-24
5020.141564	1.46E-24
5023.193322	1.41E-24
5026.24508	1.37E-24
5029.296838	1.32E-24
5032.348595	1.28E-24
5035.400353	1.24E-24
5038.452111	1.20E-24
5041.503869	1.16E-24
5044.555627	1.12E-24
5047.607384	1.09E-24
5050.659142	1.05E-24
5053.7109	1.02E-24
5056.762658	9.84E-25
5059.814416	9.53E-25
5062.866173	9.22E-25
5065.917931	8.92E-25
5068.969689	8.63E-25
5072.021447	8.36E-25
5075.073205	8.09E-25
5078.124963	7.83E-25
5081.17672	7.57E-25
5084.228478	7.33E-25
5087.280236	7.09E-25
5090.331994	6.86E-25
5093.383752	6.64E-25
5096.435509	6.43E-25
5099.487267	6.22E-25
5102.539025	6.02E-25
5105.590783	5.83E-25
5108.642541	5.64E-25
5111.694298	5.46E-25
5114.746056	5.28E-25
5117.797814	5.11E-25
5120.849572	4.94E-25
5123.90133	4.79E-25
5126.953088	4.63E-25
5130.004845	4.48E-25
5133.056603	4.34E-25
5136.108361	4.20E-25
5139.160119	4.06E-25
5142.211877	3.93E-25
5145.263634	3.80E-25
5148.315392	3.68E-25
5151.36715	3.56E-25
5154.418908	3.45E-25
5157.470666	3.34E-25
5160.522423	3.23E-25
5163.574181	3.12E-25
5166.625939	3.02E-25
5169.677697	2.93E-25
5172.729455	2.83E-25
5175.781213	2.74E-25
5178.83297	2.65E-25
5181.884728	2.57E-25
5184.936486	2.48E-25
5187.988244	2.40E-25
5191.040002	2.33E-25
5194.091759	2.25E-25
5197.143517	2.18E-25
5200.195275	2.11E-25
5203.247033	2.04E-25
5206.298791	1.97E-25
5209.350548	1.91E-25
5212.402306	1.85E-25
5215.454064	1.79E-25
5218.505822	1.73E-25
5221.55758	1.68E-25
5224.609338	1.62E-25
5227.661095	1.57E-25
5230.712853	1.52E-25
5233.764611	1.47E-25
5236.816369	1.42E-25
5239.868127	1.38E-25
5242.919884	1.33E-25
5245.971642	1.29E-25
5249.0234	1.25E-25
5252.075158	1.21E-25
5255.126916	1.17E-25
5258.178673	1.13E-25
5261.230431	1.09E-25
5264.282189	1.06E-25
5267.333947	1.02E-25
5270.385705	9.92E-26
5273.437463	9.60E-26
5276.48922	9.29E-26
5279.540978	8.99E-26
5282.592736	8.70E-26
5285.644494	8.42E-26
5288.696252	8.15E-26
5291.748009	7.88E-26
5294.799767	7.63E-26
5297.851525	7.38E-26
5300.903283	7.15E-26
5303.955041	6.91E-26
5307.006798	6.69E-26
5310.058556	6.48E-26
5313.110314	6.27E-26
5316.162072	6.07E-26
5319.21383	5.87E-26
5322.265588	5.68E-26
5325.317345	5.50E-26
5328.369103	5.32E-26
5331.420861	5.15E-26
5334.472619	4.98E-26
5337.524377	4.82E-26
5340.576134	4.67E-26
5343.627892	4.52E-26
5346.67965	4.37E-26
5349.731408	4.23E-26
5352.783166	4.09E-26
5355.834923	3.96E-26
5358.886681	3.83E-26
5361.938439	3.71E-26
5364.990197	3.59E-26
5368.041955	3.47E-26
5371.093713	3.36E-26
5374.14547	3.25E-26
5377.197228	3.15E-26
5380.248986	3.05E-26
5383.300744	2.95E-26
5386.352502	2.85E-26
5389.404259	2.76E-26
5392.456017	2.67E-26
5395.507775	2.59E-26
5398.559533	2.50E-26
5401.611291	2.42E-26
5404.663048	2.34E-26
5407.714806	2.27E-26
5410.766564	2.19E-26
5413.818322	2.12E-26
5416.87008	2.06E-26
5419.921838	1.99E-26
5422.973595	1.93E-26
5426.025353	1.86E-26
5429.077111	1.80E-26
5432.128869	1.74E-26
5435.180627	1.69E-26
5438.232384	1.63E-26
5441.284142	1.58E-26
5444.3359	1.53E-26
5447.387658	1.48E-26
5450.439416	1.43E-26
5453.491173	1.39E-26
5456.542931	1.34E-26
5459.594689	1.30E-26
5462.646447	1.26E-26
5465.698205	1.22E-26
5468.749963	1.18E-26
5471.80172	1.14E-26
5474.853478	1.10E-26
5477.905236	1.07E-26
5480.956994	1.03E-26
5484.008752	9.99E-27
5487.060509	9.67E-27
5490.112267	9.36E-27
5493.164025	9.06E-27
5496.215783	8.76E-27
5499.267541	8.48E-27
5502.319298	8.21E-27
5505.371056	7.94E-27
5508.422814	7.69E-27
5511.474572	7.44E-27
5514.52633	7.20E-27
5517.578088	6.97E-27
5520.629845	6.74E-27
5523.681603	6.52E-27
5526.733361	6.31E-27
5529.785119	6.11E-27
5532.836877	5.91E-27
5535.888634	5.72E-27
5538.940392	5.54E-27
5541.99215	5.36E-27
5545.043908	5.19E-27
5548.095666	5.02E-27
5551.147423	4.86E-27
5554.199181	4.70E-27
5557.250939	4.55E-27
5560.302697	4.40E-27
5563.354455	4.26E-27
5566.406213	4.12E-27
5569.45797	3.99E-27
5572.509728	3.86E-27
5575.561486	3.74E-27
5578.613244	3.62E-27
5581.665002	3.50E-27
5584.716759	3.39E-27
5587.768517	3.28E-27
5590.820275	3.17E-27
5593.872033	3.07E-27
5596.923791	2.97E-27
5599.975548	2.87E-27
5603.027306	2.78E-27
5606.079064	2.69E-27
5609.130822	2.61E-27
5612.18258	2.52E-27
5615.234338	2.44E-27
5618.286095	2.36E-27
5621.337853	2.29E-27
5624.389611	2.21E-27
5627.441369	2.14E-27
5630.493127	2.07E-27
5633.544884	2.00E-27
5636.596642	1.94E-27
5639.6484	1.88E-27
5642.700158	1.82E-27
5645.751916	1.76E-27
5648.803673	1.70E-27
5651.855431	1.65E-27
5654.907189	1.59E-27
5657.958947	1.54E-27
5661.010705	1.49E-27
5664.062463	1.44E-27
5667.11422	1.40E-27
5670.165978	1.35E-27
5673.217736	1.31E-27
5676.269494	1.27E-27
5679.321252	1.23E-27
5682.373009	1.19E-27
5685.424767	1.15E-27
5688.476525	1.11E-27
5691.528283	1.08E-27
5694.580041	1.04E-27
5697.631798	1.01E-27
5700.683556	9.74E-28
5703.735314	9.43E-28
5706.787072	9.12E-28
5709.83883	8.83E-28
5712.890588	8.55E-28
5715.942345	8.27E-28
5718.994103	8.00E-28
5722.045861	7.75E-28
5725.097619	7.50E-28
5728.149377	7.25E-28
5731.201134	7.02E-28
5734.252892	6.79E-28
5737.30465	6.57E-28
5740.356408	6.36E-28
5743.408166	6.16E-28
5746.459923	5.96E-28
5749.511681	5.77E-28
5752.563439	5.58E-28
5755.615197	5.40E-28
5758.666955	5.23E-28
5761.718713	5.06E-28
5764.77047	4.89E-28
5767.822228	4.74E-28
5770.873986	4.58E-28
5773.925744	4.44E-28
5776.977502	4.29E-28
5780.029259	4.15E-28
5783.081017	4.02E-28
5786.132775	3.89E-28
5789.184533	3.76E-28
5792.236291	3.64E-28
5795.288048	3.53E-28
5798.339806	3.41E-28
5801.391564	3.30E-28
5804.443322	3.20E-28
5807.49508	3.09E-28
5810.546838	2.99E-28
5813.598595	2.90E-28
5816.650353	2.80E-28
5819.702111	2.71E-28
5822.753869	2.63E-28
5825.805627	2.54E-28
5828.857384	2.46E-28
5831.909142	2.38E-28
5834.9609	2.30E-28
5838.012658	2.23E-28
5841.064416	2.16E-28
5844.116173	2.09E-28
5847.167931	2.02E-28
5850.219689	1.95E-28
5853.271447	1.89E-28
5856.323205	1.83E-28
5859.374963	1.77E-28
5862.42672	1.71E-28
5865.478478	1.66E-28
5868.530236	1.61E-28
5871.581994	1.55E-28
5874.633752	1.50E-28
5877.685509	1.45E-28
5880.737267	1.41E-28
5883.789025	1.36E-28
5886.840783	1.32E-28
5889.892541	1.28E-28
5892.944298	1.23E-28
5895.996056	1.20E-28
5899.047814	1.16E-28
5902.099572	1.12E-28
5905.15133	1.08E-28
5908.203088	1.05E-28
5911.254845	1.01E-28
5914.306603	9.82E-29
5917.358361	9.50E-29
5920.410119	9.19E-29
5923.461877	8.90E-29
5926.513634	8.61E-29
5929.565392	8.33E-29
5932.61715	8.06E-29
5935.668908	7.80E-29
5938.720666	7.55E-29
5941.772423	7.31E-29
5944.824181	7.07E-29
5947.875939	6.84E-29
5950.927697	6.62E-29
5953.979455	6.41E-29
5957.031213	6.20E-29
5960.08297	6.00E-29
5963.134728	5.81E-29
5966.186486	5.62E-29
5969.238244	5.44E-29
5972.290002	5.27E-29
5975.341759	5.10E-29
5978.393517	4.93E-29
5981.445275	4.77E-29
5984.497033	4.62E-29
5987.548791	4.47E-29
5990.600548	4.32E-29
5993.652306	4.19E-29
5996.704064	4.05E-29
5999.755822	3.92E-29
