lambda[nm]	Hb[cm-1/uM]	HbO2[cm-1/uM]	Lip[cm-1]	H2O[cm-1]	Collagene[cm-1]	Bkg[cm-1]
600	3.38E-02	7.37E-03	6.69E-03	2.03E-03	9.43E-02	1.00E+00
601	3.23E-02	6.59E-03	6.47E-03	2.28E-03	9.36E-02	1.00E+00
602	3.14E-02	6.13E-03	6.27E-03	2.44E-03	9.30E-02	1.00E+00
603	3.02E-02	5.54E-03	6.10E-03	2.42E-03	9.23E-02	1.00E+00
604	2.89E-02	4.90E-03	5.99E-03	2.42E-03	9.17E-02	1.00E+00
605	2.77E-02	4.42E-03	5.93E-03	2.49E-03	9.11E-02	1.00E+00
606	2.65E-02	4.12E-03	5.94E-03	2.49E-03	9.04E-02	1.00E+00
607	2.53E-02	3.93E-03	5.98E-03	2.49E-03	8.98E-02	1.00E+00
608	2.41E-02	3.79E-03	6.01E-03	2.58E-03	8.92E-02	1.00E+00
609	2.29E-02	3.64E-03	6.02E-03	2.53E-03	8.86E-02	1.00E+00
610	2.17E-02	3.47E-03	5.98E-03	2.69E-03	8.80E-02	1.00E+00
611	2.07E-02	3.30E-03	5.83E-03	2.79E-03	8.74E-02	1.00E+00
612	1.98E-02	3.14E-03	5.65E-03	2.81E-03	8.68E-02	1.00E+00
613	1.88E-02	2.97E-03	5.44E-03	2.90E-03	8.62E-02	1.00E+00
614	1.79E-02	2.82E-03	5.24E-03	2.69E-03	8.56E-02	1.00E+00
615	1.73E-02	2.67E-03	5.08E-03	2.95E-03	8.51E-02	1.00E+00
616	1.69E-02	2.56E-03	5.02E-03	2.81E-03	8.45E-02	1.00E+00
617	1.65E-02	2.46E-03	5.01E-03	3.11E-03	8.39E-02	1.00E+00
618	1.60E-02	2.36E-03	5.05E-03	3.06E-03	8.34E-02	1.00E+00
619	1.54E-02	2.27E-03	5.11E-03	3.02E-03	8.28E-02	1.00E+00
620	1.50E-02	2.17E-03	5.19E-03	2.90E-03	8.23E-02	1.00E+00
621	1.46E-02	2.07E-03	5.23E-03	2.97E-03	8.24E-02	1.00E+00
622	1.43E-02	1.98E-03	5.25E-03	2.95E-03	8.19E-02	1.00E+00
623	1.39E-02	1.88E-03	5.24E-03	3.11E-03	8.14E-02	1.00E+00
624	1.36E-02	1.78E-03	5.22E-03	2.92E-03	8.09E-02	1.00E+00
625	1.33E-02	1.70E-03	5.18E-03	3.06E-03	8.04E-02	1.00E+00
626	1.29E-02	1.63E-03	5.12E-03	2.90E-03	7.99E-02	1.00E+00
627	1.26E-02	1.57E-03	5.06E-03	2.88E-03	7.95E-02	1.00E+00
628	1.24E-02	1.52E-03	5.02E-03	2.86E-03	7.91E-02	1.00E+00
629	1.21E-02	1.46E-03	5.00E-03	3.15E-03	7.89E-02	1.00E+00
630	1.19E-02	1.41E-03	5.00E-03	3.04E-03	7.87E-02	1.00E+00
631	1.16E-02	1.35E-03	5.06E-03	3.11E-03	7.85E-02	1.00E+00
632	1.14E-02	1.29E-03	5.12E-03	2.72E-03	7.84E-02	1.00E+00
633	1.11E-02	1.23E-03	5.17E-03	2.90E-03	7.82E-02	1.00E+00
634	1.09E-02	1.18E-03	5.19E-03	2.92E-03	7.81E-02	1.00E+00
635	1.07E-02	1.14E-03	5.17E-03	2.62E-03	7.78E-02	1.00E+00
636	1.06E-02	1.10E-03	5.06E-03	2.83E-03	7.74E-02	1.00E+00
637	1.05E-02	1.08E-03	4.93E-03	2.74E-03	7.69E-02	1.00E+00
638	1.03E-02	1.06E-03	4.79E-03	2.99E-03	7.64E-02	1.00E+00
639	1.02E-02	1.04E-03	4.68E-03	2.99E-03	7.58E-02	1.00E+00
640	1.00E-02	1.02E-03	4.60E-03	3.15E-03	7.52E-02	1.00E+00
641	9.85E-03	9.96E-04	4.62E-03	2.86E-03	7.46E-02	1.00E+00
642	9.71E-03	9.75E-04	4.68E-03	2.79E-03	7.40E-02	1.00E+00
643	9.56E-03	9.53E-04	4.76E-03	3.22E-03	7.36E-02	1.00E+00
644	9.41E-03	9.33E-04	4.84E-03	2.97E-03	7.32E-02	1.00E+00
645	9.27E-03	9.14E-04	4.89E-03	3.15E-03	7.28E-02	1.00E+00
646	9.13E-03	8.99E-04	4.85E-03	2.99E-03	7.25E-02	1.00E+00
647	9.00E-03	8.85E-04	4.77E-03	3.20E-03	7.23E-02	1.00E+00
648	8.88E-03	8.73E-04	4.67E-03	3.20E-03	7.20E-02	1.00E+00
649	8.76E-03	8.60E-04	4.58E-03	3.13E-03	7.17E-02	1.00E+00
650	8.64E-03	8.47E-04	4.49E-03	3.20E-03	7.14E-02	1.00E+00
651	8.51E-03	8.34E-04	4.48E-03	3.22E-03	7.09E-02	1.00E+00
652	8.39E-03	8.22E-04	4.49E-03	3.34E-03	7.03E-02	1.00E+00
653	8.26E-03	8.08E-04	4.49E-03	3.32E-03	6.97E-02	1.00E+00
654	8.14E-03	7.96E-04	4.48E-03	3.38E-03	6.89E-02	1.00E+00
655	8.02E-03	7.84E-04	4.44E-03	3.25E-03	6.81E-02	1.00E+00
656	7.89E-03	7.72E-04	4.32E-03	3.32E-03	6.73E-02	1.00E+00
657	7.76E-03	7.60E-04	4.15E-03	3.27E-03	6.64E-02	1.00E+00
658	7.65E-03	7.50E-04	3.97E-03	3.66E-03	6.55E-02	1.00E+00
659	7.53E-03	7.42E-04	3.78E-03	3.52E-03	6.48E-02	1.00E+00
660	7.43E-03	7.36E-04	3.60E-03	3.82E-03	6.41E-02	1.00E+00
661	7.33E-03	7.29E-04	3.48E-03	3.82E-03	6.35E-02	1.00E+00
662	7.23E-03	7.23E-04	3.38E-03	3.75E-03	6.30E-02	1.00E+00
663	7.13E-03	7.16E-04	3.31E-03	3.78E-03	6.25E-02	1.00E+00
664	7.03E-03	7.10E-04	3.26E-03	3.66E-03	6.21E-02	1.00E+00
665	6.93E-03	7.03E-04	3.22E-03	3.78E-03	6.17E-02	1.00E+00
666	6.83E-03	6.97E-04	3.16E-03	3.78E-03	6.12E-02	1.00E+00
667	6.73E-03	6.91E-04	3.11E-03	3.78E-03	6.07E-02	1.00E+00
668	6.64E-03	6.86E-04	3.06E-03	3.71E-03	6.02E-02	1.00E+00
669	6.53E-03	6.81E-04	3.02E-03	3.85E-03	5.96E-02	1.00E+00
670	6.44E-03	6.77E-04	2.98E-03	3.82E-03	5.90E-02	1.00E+00
671	6.33E-03	6.72E-04	2.97E-03	3.73E-03	5.85E-02	1.00E+00
672	6.24E-03	6.68E-04	2.97E-03	3.87E-03	5.79E-02	1.00E+00
673	6.14E-03	6.62E-04	2.98E-03	3.94E-03	5.74E-02	1.00E+00
674	6.05E-03	6.58E-04	2.99E-03	4.10E-03	5.69E-02	1.00E+00
675	5.96E-03	6.53E-04	2.99E-03	3.82E-03	5.64E-02	1.00E+00
676	5.88E-03	6.49E-04	2.99E-03	3.82E-03	5.60E-02	1.00E+00
677	5.80E-03	6.46E-04	2.97E-03	3.94E-03	5.57E-02	1.00E+00
678	5.71E-03	6.43E-04	2.94E-03	3.96E-03	5.54E-02	1.00E+00
679	5.63E-03	6.41E-04	2.90E-03	3.96E-03	5.52E-02	1.00E+00
680	5.54E-03	6.39E-04	2.85E-03	4.08E-03	5.49E-02	1.00E+00
681	5.46E-03	6.37E-04	2.79E-03	4.21E-03	5.47E-02	1.00E+00
682	5.38E-03	6.36E-04	2.73E-03	4.37E-03	5.45E-02	1.00E+00
683	5.29E-03	6.34E-04	2.68E-03	4.21E-03	5.42E-02	1.00E+00
684	5.21E-03	6.32E-04	2.65E-03	4.17E-03	5.38E-02	1.00E+00
685	5.12E-03	6.29E-04	2.64E-03	4.33E-03	5.34E-02	1.00E+00
686	5.04E-03	6.28E-04	2.66E-03	4.44E-03	5.29E-02	1.00E+00
687	4.95E-03	6.29E-04	2.70E-03	4.61E-03	5.24E-02	1.00E+00
688	4.87E-03	6.32E-04	2.75E-03	4.70E-03	5.18E-02	1.00E+00
689	4.79E-03	6.34E-04	2.79E-03	4.88E-03	5.14E-02	1.00E+00
690	4.73E-03	6.36E-04	2.82E-03	4.72E-03	5.11E-02	1.00E+00
691	4.66E-03	6.37E-04	2.82E-03	5.07E-03	5.09E-02	1.00E+00
692	4.61E-03	6.39E-04	2.79E-03	5.18E-03	5.09E-02	1.00E+00
693	4.55E-03	6.41E-04	2.73E-03	5.16E-03	5.08E-02	1.00E+00
694	4.49E-03	6.43E-04	2.65E-03	5.25E-03	5.08E-02	1.00E+00
695	4.43E-03	6.46E-04	2.55E-03	5.48E-03	5.07E-02	1.00E+00
696	4.37E-03	6.49E-04	2.43E-03	5.80E-03	5.04E-02	1.00E+00
697	4.31E-03	6.54E-04	2.32E-03	5.92E-03	5.01E-02	1.00E+00
698	4.25E-03	6.59E-04	2.22E-03	5.99E-03	4.96E-02	1.00E+00
699	4.19E-03	6.63E-04	2.15E-03	6.40E-03	4.91E-02	1.00E+00
700	4.13E-03	6.68E-04	2.11E-03	6.56E-03	4.85E-02	1.00E+00
701	4.07E-03	6.72E-04	2.12E-03	6.45E-03	4.80E-02	1.00E+00
702	4.01E-03	6.77E-04	2.16E-03	6.52E-03	4.75E-02	1.00E+00
703	3.95E-03	6.81E-04	2.22E-03	6.82E-03	4.71E-02	1.00E+00
704	3.89E-03	6.86E-04	2.28E-03	6.93E-03	4.67E-02	1.00E+00
705	3.82E-03	6.91E-04	2.34E-03	7.02E-03	4.64E-02	1.00E+00
706	3.76E-03	6.97E-04	2.37E-03	7.25E-03	4.61E-02	1.00E+00
707	3.70E-03	7.03E-04	2.38E-03	7.78E-03	4.58E-02	1.00E+00
708	3.65E-03	7.10E-04	2.39E-03	7.92E-03	4.55E-02	1.00E+00
709	3.59E-03	7.16E-04	2.39E-03	7.99E-03	4.52E-02	1.00E+00
710	3.55E-03	7.23E-04	2.39E-03	8.40E-03	4.49E-02	1.00E+00
711	3.50E-03	7.29E-04	2.43E-03	8.93E-03	4.45E-02	1.00E+00
712	3.45E-03	7.36E-04	2.47E-03	9.10E-03	4.41E-02	1.00E+00
713	3.40E-03	7.42E-04	2.49E-03	9.56E-03	4.37E-02	1.00E+00
714	3.35E-03	7.49E-04	2.48E-03	1.00E-02	4.34E-02	1.00E+00
715	3.30E-03	7.56E-04	2.45E-03	1.05E-02	4.30E-02	1.00E+00
716	3.25E-03	7.65E-04	2.35E-03	1.09E-02	4.28E-02	1.00E+00
717	3.20E-03	7.73E-04	2.25E-03	1.14E-02	4.25E-02	1.00E+00
718	3.15E-03	7.83E-04	2.18E-03	1.20E-02	4.24E-02	1.00E+00
719	3.10E-03	7.92E-04	2.15E-03	1.27E-02	4.22E-02	1.00E+00
720	3.05E-03	8.01E-04	2.19E-03	1.29E-02	4.19E-02	1.00E+00
721	3.01E-03	8.10E-04	2.35E-03	1.36E-02	4.16E-02	1.00E+00
722	2.96E-03	8.20E-04	2.58E-03	1.43E-02	4.13E-02	1.00E+00
723	2.91E-03	8.29E-04	2.87E-03	1.50E-02	4.09E-02	1.00E+00
724	2.87E-03	8.38E-04	3.18E-03	1.53E-02	4.06E-02	1.00E+00
725	2.82E-03	8.47E-04	3.50E-03	1.63E-02	4.02E-02	1.00E+00
726	2.77E-03	8.58E-04	3.77E-03	1.70E-02	4.00E-02	1.00E+00
727	2.72E-03	8.67E-04	4.00E-03	1.80E-02	3.98E-02	1.00E+00
728	2.65E-03	8.78E-04	4.18E-03	1.89E-02	3.96E-02	1.00E+00
729	2.59E-03	8.88E-04	4.33E-03	1.98E-02	3.95E-02	1.00E+00
730	2.54E-03	8.98E-04	4.44E-03	2.10E-02	3.95E-02	1.00E+00
731	2.53E-03	9.08E-04	4.54E-03	2.23E-02	3.96E-02	1.00E+00
732	2.54E-03	9.18E-04	4.62E-03	2.36E-02	3.96E-02	1.00E+00
733	2.54E-03	9.28E-04	4.68E-03	2.50E-02	3.96E-02	1.00E+00
734	2.54E-03	9.39E-04	4.73E-03	2.62E-02	3.96E-02	1.00E+00
735	2.54E-03	9.50E-04	4.79E-03	2.72E-02	3.96E-02	1.00E+00
736	2.54E-03	9.64E-04	4.84E-03	2.81E-02	3.94E-02	1.00E+00
737	2.53E-03	9.79E-04	4.92E-03	2.88E-02	3.92E-02	1.00E+00
738	2.53E-03	9.96E-04	5.05E-03	2.93E-02	3.89E-02	1.00E+00
739	2.54E-03	1.01E-03	5.23E-03	2.97E-02	3.86E-02	1.00E+00
740	2.57E-03	1.03E-03	5.47E-03	3.03E-02	3.84E-02	1.00E+00
741	2.62E-03	1.04E-03	5.78E-03	3.02E-02	3.82E-02	1.00E+00
742	2.68E-03	1.06E-03	6.15E-03	3.03E-02	3.81E-02	1.00E+00
743	2.73E-03	1.07E-03	6.56E-03	3.04E-02	3.79E-02	1.00E+00
744	2.78E-03	1.09E-03	6.99E-03	3.05E-02	3.78E-02	1.00E+00
745	2.84E-03	1.11E-03	7.43E-03	3.02E-02	3.77E-02	1.00E+00
746	2.92E-03	1.12E-03	7.85E-03	3.02E-02	3.76E-02	1.00E+00
747	2.99E-03	1.14E-03	8.26E-03	3.01E-02	3.74E-02	1.00E+00
748	3.07E-03	1.16E-03	8.64E-03	3.00E-02	3.72E-02	1.00E+00
749	3.14E-03	1.18E-03	8.99E-03	3.02E-02	3.70E-02	1.00E+00
750	3.24E-03	1.19E-03	9.33E-03	2.98E-02	3.68E-02	1.00E+00
751	3.37E-03	1.21E-03	9.65E-03	3.01E-02	3.66E-02	1.00E+00
752	3.49E-03	1.23E-03	9.96E-03	3.01E-02	3.64E-02	1.00E+00
753	3.54E-03	1.25E-03	1.03E-02	3.01E-02	3.62E-02	1.00E+00
754	3.55E-03	1.26E-03	1.06E-02	3.00E-02	3.61E-02	1.00E+00
755	3.57E-03	1.28E-03	1.09E-02	2.99E-02	3.59E-02	1.00E+00
756	3.59E-03	1.29E-03	1.12E-02	2.97E-02	3.58E-02	1.00E+00
757	3.60E-03	1.31E-03	1.15E-02	2.98E-02	3.57E-02	1.00E+00
758	3.59E-03	1.32E-03	1.17E-02	2.97E-02	3.56E-02	1.00E+00
759	3.59E-03	1.34E-03	1.18E-02	2.94E-02	3.55E-02	1.00E+00
760	3.57E-03	1.35E-03	1.18E-02	2.94E-02	3.54E-02	1.00E+00
761	3.53E-03	1.36E-03	1.17E-02	2.94E-02	3.52E-02	1.00E+00
762	3.47E-03	1.38E-03	1.14E-02	2.90E-02	3.50E-02	1.00E+00
763	3.42E-03	1.39E-03	1.09E-02	2.88E-02	3.48E-02	1.00E+00
764	3.36E-03	1.41E-03	1.04E-02	2.88E-02	3.46E-02	1.00E+00
765	3.30E-03	1.42E-03	9.79E-03	2.87E-02	3.43E-02	1.00E+00
766	3.25E-03	1.43E-03	9.17E-03	2.88E-02	3.40E-02	1.00E+00
767	3.19E-03	1.45E-03	8.54E-03	2.85E-02	3.37E-02	1.00E+00
768	3.14E-03	1.47E-03	7.89E-03	2.83E-02	3.35E-02	1.00E+00
769	3.08E-03	1.48E-03	7.26E-03	2.80E-02	3.33E-02	1.00E+00
770	3.02E-03	1.50E-03	6.65E-03	2.80E-02	3.32E-02	1.00E+00
771	2.96E-03	1.51E-03	6.04E-03	2.78E-02	3.31E-02	1.00E+00
772	2.91E-03	1.53E-03	5.49E-03	2.77E-02	3.31E-02	1.00E+00
773	2.85E-03	1.54E-03	4.99E-03	2.73E-02	3.31E-02	1.00E+00
774	2.79E-03	1.56E-03	4.55E-03	2.72E-02	3.31E-02	1.00E+00
775	2.74E-03	1.57E-03	4.18E-03	2.74E-02	3.30E-02	1.00E+00
776	2.68E-03	1.59E-03	3.89E-03	2.69E-02	3.28E-02	1.00E+00
777	2.62E-03	1.60E-03	3.65E-03	2.66E-02	3.26E-02	1.00E+00
778	2.57E-03	1.61E-03	3.43E-03	2.65E-02	3.23E-02	1.00E+00
779	2.52E-03	1.62E-03	3.22E-03	2.65E-02	3.21E-02	1.00E+00
780	2.48E-03	1.64E-03	3.01E-03	2.63E-02	3.18E-02	1.00E+00
781	2.43E-03	1.65E-03	2.75E-03	2.60E-02	3.17E-02	1.00E+00
782	2.39E-03	1.66E-03	2.50E-03	2.57E-02	3.16E-02	1.00E+00
783	2.34E-03	1.67E-03	2.26E-03	2.57E-02	3.15E-02	1.00E+00
784	2.30E-03	1.68E-03	2.07E-03	2.53E-02	3.15E-02	1.00E+00
785	2.25E-03	1.69E-03	1.93E-03	2.50E-02	3.15E-02	1.00E+00
786	2.20E-03	1.70E-03	1.89E-03	2.47E-02	3.15E-02	1.00E+00
787	2.16E-03	1.71E-03	1.91E-03	2.43E-02	3.14E-02	1.00E+00
788	2.12E-03	1.72E-03	1.99E-03	2.44E-02	3.14E-02	1.00E+00
789	2.09E-03	1.73E-03	2.10E-03	2.42E-02	3.13E-02	1.00E+00
790	2.05E-03	1.74E-03	2.23E-03	2.39E-02	3.12E-02	1.00E+00
791	2.02E-03	1.75E-03	2.33E-03	2.36E-02	3.11E-02	1.00E+00
792	1.98E-03	1.76E-03	2.42E-03	2.35E-02	3.10E-02	1.00E+00
793	1.94E-03	1.77E-03	2.51E-03	2.33E-02	3.09E-02	1.00E+00
794	1.91E-03	1.78E-03	2.59E-03	2.31E-02	3.07E-02	1.00E+00
795	1.88E-03	1.79E-03	2.66E-03	2.26E-02	3.06E-02	1.00E+00
796	1.85E-03	1.81E-03	2.74E-03	2.24E-02	3.04E-02	1.00E+00
797	1.82E-03	1.84E-03	2.82E-03	2.23E-02	3.02E-02	1.00E+00
798	1.80E-03	1.86E-03	2.90E-03	2.22E-02	3.00E-02	1.00E+00
799	1.78E-03	1.87E-03	2.97E-03	2.19E-02	2.99E-02	1.00E+00
800	1.75E-03	1.88E-03	3.04E-03	2.20E-02	2.98E-02	1.00E+00
801	1.73E-03	1.89E-03	3.09E-03	2.19E-02	2.98E-02	1.00E+00
802	1.71E-03	1.91E-03	3.14E-03	2.16E-02	2.98E-02	1.00E+00
803	1.70E-03	1.92E-03	3.19E-03	2.16E-02	2.99E-02	1.00E+00
804	1.70E-03	1.93E-03	3.24E-03	2.15E-02	2.99E-02	1.00E+00
805	1.69E-03	1.93E-03	3.30E-03	2.15E-02	3.00E-02	1.00E+00
806	1.68E-03	1.94E-03	3.37E-03	2.14E-02	3.00E-02	1.00E+00
807	1.67E-03	1.96E-03	3.46E-03	2.13E-02	2.99E-02	1.00E+00
808	1.67E-03	1.97E-03	3.56E-03	2.14E-02	2.98E-02	1.00E+00
809	1.66E-03	1.98E-03	3.70E-03	2.16E-02	2.97E-02	1.00E+00
810	1.65E-03	1.99E-03	3.86E-03	2.17E-02	2.96E-02	1.00E+00
811	1.64E-03	2.00E-03	4.05E-03	2.19E-02	2.94E-02	1.00E+00
812	1.64E-03	2.01E-03	4.25E-03	2.21E-02	2.92E-02	1.00E+00
813	1.63E-03	2.02E-03	4.46E-03	2.23E-02	2.91E-02	1.00E+00
814	1.63E-03	2.03E-03	4.66E-03	2.22E-02	2.89E-02	1.00E+00
815	1.62E-03	2.03E-03	4.86E-03	2.27E-02	2.87E-02	1.00E+00
816	1.62E-03	2.04E-03	5.01E-03	2.29E-02	2.85E-02	1.00E+00
817	1.61E-03	2.06E-03	5.17E-03	2.33E-02	2.83E-02	1.00E+00
818	1.60E-03	2.08E-03	5.32E-03	2.35E-02	2.82E-02	1.00E+00
819	1.60E-03	2.09E-03	5.50E-03	2.35E-02	2.80E-02	1.00E+00
820	1.60E-03	2.11E-03	5.70E-03	2.41E-02	2.79E-02	1.00E+00
821	1.60E-03	2.13E-03	5.95E-03	2.43E-02	2.78E-02	1.00E+00
822	1.60E-03	2.14E-03	6.20E-03	2.44E-02	2.78E-02	1.00E+00
823	1.60E-03	2.16E-03	6.43E-03	2.52E-02	2.77E-02	1.00E+00
824	1.60E-03	2.18E-03	6.62E-03	2.59E-02	2.77E-02	1.00E+00
825	1.60E-03	2.19E-03	6.74E-03	2.63E-02	2.77E-02	1.00E+00
826	1.60E-03	2.20E-03	6.74E-03	2.80E-02	2.77E-02	1.00E+00
827	1.60E-03	2.21E-03	6.68E-03	2.90E-02	2.77E-02	1.00E+00
828	1.60E-03	2.22E-03	6.57E-03	3.07E-02	2.78E-02	1.00E+00
829	1.60E-03	2.23E-03	6.44E-03	3.19E-02	2.78E-02	1.00E+00
830	1.60E-03	2.24E-03	6.32E-03	3.36E-02	2.78E-02	1.00E+00
831	1.60E-03	2.25E-03	6.26E-03	3.48E-02	2.77E-02	1.00E+00
832	1.60E-03	2.26E-03	6.22E-03	3.65E-02	2.77E-02	1.00E+00
833	1.60E-03	2.27E-03	6.21E-03	3.77E-02	2.76E-02	1.00E+00
834	1.60E-03	2.28E-03	6.20E-03	3.81E-02	2.75E-02	1.00E+00
835	1.60E-03	2.29E-03	6.18E-03	3.91E-02	2.74E-02	1.00E+00
836	1.60E-03	2.31E-03	6.14E-03	4.01E-02	2.73E-02	1.00E+00
837	1.59E-03	2.32E-03	6.06E-03	4.01E-02	2.72E-02	1.00E+00
838	1.59E-03	2.33E-03	5.94E-03	4.05E-02	2.72E-02	1.00E+00
839	1.59E-03	2.34E-03	5.78E-03	4.08E-02	2.71E-02	1.00E+00
840	1.59E-03	2.35E-03	5.58E-03	4.13E-02	2.71E-02	1.00E+00
841	1.59E-03	2.36E-03	5.34E-03	4.17E-02	2.71E-02	1.00E+00
842	1.59E-03	2.38E-03	5.10E-03	4.16E-02	2.72E-02	1.00E+00
843	1.59E-03	2.39E-03	4.89E-03	4.18E-02	2.72E-02	1.00E+00
844	1.59E-03	2.40E-03	4.72E-03	4.20E-02	2.72E-02	1.00E+00
845	1.59E-03	2.41E-03	4.61E-03	4.23E-02	2.71E-02	1.00E+00
846	1.59E-03	2.42E-03	4.62E-03	4.26E-02	2.70E-02	1.00E+00
847	1.59E-03	2.42E-03	4.66E-03	4.27E-02	2.68E-02	1.00E+00
848	1.59E-03	2.43E-03	4.73E-03	4.34E-02	2.67E-02	1.00E+00
849	1.59E-03	2.43E-03	4.79E-03	4.37E-02	2.65E-02	1.00E+00
850	1.59E-03	2.44E-03	4.81E-03	4.40E-02	2.64E-02	1.00E+00
851	1.59E-03	2.44E-03	4.73E-03	4.39E-02	2.63E-02	1.00E+00
852	1.59E-03	2.45E-03	4.62E-03	4.46E-02	2.63E-02	1.00E+00
853	1.59E-03	2.45E-03	4.51E-03	4.45E-02	2.63E-02	1.00E+00
854	1.59E-03	2.46E-03	4.44E-03	4.44E-02	2.64E-02	1.00E+00
855	1.59E-03	2.46E-03	4.43E-03	4.45E-02	2.64E-02	1.00E+00
856	1.59E-03	2.47E-03	4.57E-03	4.51E-02	2.64E-02	1.00E+00
857	1.59E-03	2.48E-03	4.78E-03	4.51E-02	2.64E-02	1.00E+00
858	1.59E-03	2.49E-03	5.02E-03	4.53E-02	2.64E-02	1.00E+00
859	1.60E-03	2.50E-03	5.28E-03	4.54E-02	2.64E-02	1.00E+00
860	1.60E-03	2.51E-03	5.51E-03	4.56E-02	2.64E-02	1.00E+00
861	1.60E-03	2.53E-03	5.63E-03	4.61E-02	2.65E-02	1.00E+00
862	1.60E-03	2.54E-03	5.74E-03	4.61E-02	2.65E-02	1.00E+00
863	1.61E-03	2.55E-03	5.85E-03	4.62E-02	2.66E-02	1.00E+00
864	1.61E-03	2.56E-03	5.99E-03	4.60E-02	2.67E-02	1.00E+00
865	1.61E-03	2.57E-03	6.20E-03	4.68E-02	2.68E-02	1.00E+00
866	1.61E-03	2.58E-03	6.55E-03	4.65E-02	2.69E-02	1.00E+00
867	1.61E-03	2.58E-03	6.97E-03	4.71E-02	2.70E-02	1.00E+00
868	1.62E-03	2.59E-03	7.44E-03	4.71E-02	2.71E-02	1.00E+00
869	1.62E-03	2.59E-03	7.93E-03	4.80E-02	2.72E-02	1.00E+00
870	1.63E-03	2.60E-03	8.42E-03	4.85E-02	2.74E-02	1.00E+00
871	1.63E-03	2.60E-03	8.82E-03	4.87E-02	2.76E-02	1.00E+00
872	1.64E-03	2.61E-03	9.22E-03	4.86E-02	2.78E-02	1.00E+00
873	1.64E-03	2.61E-03	9.68E-03	4.92E-02	2.80E-02	1.00E+00
874	1.64E-03	2.62E-03	1.02E-02	4.97E-02	2.82E-02	1.00E+00
875	1.65E-03	2.62E-03	1.09E-02	5.00E-02	2.84E-02	1.00E+00
876	1.65E-03	2.63E-03	1.17E-02	5.01E-02	2.86E-02	1.00E+00
877	1.66E-03	2.64E-03	1.26E-02	5.10E-02	2.88E-02	1.00E+00
878	1.66E-03	2.64E-03	1.36E-02	5.15E-02	2.89E-02	1.00E+00
879	1.67E-03	2.65E-03	1.47E-02	5.25E-02	2.91E-02	1.00E+00
880	1.67E-03	2.66E-03	1.58E-02	5.25E-02	2.94E-02	1.00E+00
881	1.68E-03	2.66E-03	1.69E-02	5.27E-02	2.96E-02	1.00E+00
882	1.68E-03	2.67E-03	1.79E-02	5.42E-02	2.99E-02	1.00E+00
883	1.68E-03	2.68E-03	1.91E-02	5.45E-02	3.03E-02	1.00E+00
884	1.69E-03	2.68E-03	2.03E-02	5.56E-02	3.07E-02	1.00E+00
885	1.69E-03	2.69E-03	2.17E-02	5.57E-02	3.12E-02	1.00E+00
886	1.70E-03	2.69E-03	2.33E-02	5.61E-02	3.17E-02	1.00E+00
887	1.70E-03	2.70E-03	2.50E-02	5.62E-02	3.23E-02	1.00E+00
888	1.70E-03	2.70E-03	2.68E-02	5.63E-02	3.29E-02	1.00E+00
889	1.71E-03	2.71E-03	2.86E-02	5.77E-02	3.35E-02	1.00E+00
890	1.71E-03	2.71E-03	3.05E-02	5.97E-02	3.41E-02	1.00E+00
891	1.72E-03	2.72E-03	3.22E-02	5.94E-02	3.48E-02	1.00E+00
892	1.72E-03	2.72E-03	3.38E-02	5.92E-02	3.55E-02	1.00E+00
893	1.72E-03	2.73E-03	3.54E-02	6.01E-02	3.62E-02	1.00E+00
894	1.73E-03	2.73E-03	3.70E-02	5.99E-02	3.70E-02	1.00E+00
895	1.73E-03	2.74E-03	3.86E-02	6.09E-02	3.78E-02	1.00E+00
896	1.74E-03	2.74E-03	4.03E-02	6.06E-02	3.86E-02	1.00E+00
897	1.74E-03	2.74E-03	4.20E-02	6.14E-02	3.93E-02	1.00E+00
898	1.75E-03	2.75E-03	4.36E-02	6.31E-02	4.01E-02	1.00E+00
899	1.75E-03	2.75E-03	4.52E-02	6.40E-02	4.08E-02	1.00E+00
900	1.75E-03	2.76E-03	4.67E-02	6.58E-02	4.14E-02	1.00E+00
901	1.76E-03	2.76E-03	4.80E-02	6.61E-02	4.19E-02	1.00E+00
902	1.76E-03	2.77E-03	4.94E-02	6.70E-02	4.23E-02	1.00E+00
903	1.76E-03	2.77E-03	5.09E-02	6.76E-02	4.27E-02	1.00E+00
904	1.77E-03	2.78E-03	5.26E-02	6.82E-02	4.30E-02	1.00E+00
905	1.77E-03	2.78E-03	5.47E-02	6.91E-02	4.33E-02	1.00E+00
906	1.77E-03	2.78E-03	5.72E-02	7.00E-02	4.36E-02	1.00E+00
907	1.78E-03	2.79E-03	6.01E-02	7.08E-02	4.39E-02	1.00E+00
908	1.78E-03	2.79E-03	6.34E-02	7.15E-02	4.41E-02	1.00E+00
909	1.78E-03	2.79E-03	6.69E-02	7.26E-02	4.43E-02	1.00E+00
910	1.78E-03	2.80E-03	7.07E-02	7.37E-02	4.44E-02	1.00E+00
911	1.79E-03	2.80E-03	7.45E-02	7.45E-02	4.44E-02	1.00E+00
912	1.79E-03	2.80E-03	7.84E-02	7.58E-02	4.43E-02	1.00E+00
913	1.79E-03	2.80E-03	8.22E-02	7.72E-02	4.42E-02	1.00E+00
914	1.79E-03	2.81E-03	8.59E-02	7.87E-02	4.40E-02	1.00E+00
915	1.79E-03	2.81E-03	8.96E-02	8.00E-02	4.38E-02	1.00E+00
916	1.79E-03	2.81E-03	9.31E-02	8.19E-02	4.36E-02	1.00E+00
917	1.79E-03	2.81E-03	9.66E-02	8.39E-02	4.34E-02	1.00E+00
918	1.79E-03	2.82E-03	1.00E-01	8.59E-02	4.32E-02	1.00E+00
919	1.79E-03	2.82E-03	1.03E-01	8.80E-02	4.30E-02	1.00E+00
920	1.79E-03	2.82E-03	1.07E-01	9.07E-02	4.28E-02	1.00E+00
921	1.79E-03	2.82E-03	1.10E-01	9.36E-02	4.27E-02	1.00E+00
922	1.79E-03	2.82E-03	1.14E-01	9.65E-02	4.26E-02	1.00E+00
923	1.79E-03	2.82E-03	1.17E-01	9.99E-02	4.25E-02	1.00E+00
924	1.79E-03	2.83E-03	1.20E-01	1.04E-01	4.24E-02	1.00E+00
925	1.78E-03	2.83E-03	1.24E-01	1.08E-01	4.23E-02	1.00E+00
926	1.78E-03	2.83E-03	1.27E-01	1.12E-01	4.22E-02	1.00E+00
927	1.77E-03	2.82E-03	1.30E-01	1.16E-01	4.21E-02	1.00E+00
928	1.77E-03	2.82E-03	1.32E-01	1.21E-01	4.19E-02	1.00E+00
929	1.76E-03	2.82E-03	1.34E-01	1.26E-01	4.16E-02	1.00E+00
930	1.76E-03	2.81E-03	1.35E-01	1.32E-01	4.12E-02	1.00E+00
931	1.75E-03	2.81E-03	1.34E-01	1.38E-01	4.07E-02	1.00E+00
932	1.73E-03	2.81E-03	1.32E-01	1.44E-01	4.01E-02	1.00E+00
933	1.72E-03	2.81E-03	1.29E-01	1.50E-01	3.95E-02	1.00E+00
934	1.70E-03	2.80E-03	1.24E-01	1.57E-01	3.88E-02	1.00E+00
935	1.68E-03	2.80E-03	1.18E-01	1.64E-01	3.81E-02	1.00E+00
936	1.66E-03	2.80E-03	1.10E-01	1.71E-01	3.75E-02	1.00E+00
937	1.65E-03	2.80E-03	1.01E-01	1.78E-01	3.68E-02	1.00E+00
938	1.63E-03	2.80E-03	9.14E-02	1.86E-01	3.62E-02	1.00E+00
939	1.61E-03	2.80E-03	8.20E-02	1.94E-01	3.56E-02	1.00E+00
940	1.60E-03	2.80E-03	7.31E-02	2.03E-01	3.50E-02	1.00E+00
941	1.58E-03	2.79E-03	6.54E-02	2.11E-01	3.44E-02	1.00E+00
942	1.56E-03	2.79E-03	5.86E-02	2.21E-01	3.39E-02	1.00E+00
943	1.54E-03	2.79E-03	5.28E-02	2.31E-01	3.35E-02	1.00E+00
944	1.52E-03	2.79E-03	4.79E-02	2.42E-01	3.33E-02	1.00E+00
945	1.50E-03	2.79E-03	4.36E-02	2.53E-01	3.34E-02	1.00E+00
946	1.48E-03	2.79E-03	3.96E-02	2.65E-01	3.39E-02	1.00E+00
947	1.45E-03	2.78E-03	3.60E-02	2.78E-01	3.44E-02	1.00E+00
948	1.43E-03	2.78E-03	3.28E-02	2.92E-01	3.50E-02	1.00E+00
949	1.41E-03	2.78E-03	3.00E-02	3.07E-01	3.54E-02	1.00E+00
950	1.39E-03	2.77E-03	2.75E-02	3.23E-01	3.57E-02	1.00E+00
951	1.36E-03	2.77E-03	2.54E-02	3.39E-01	3.55E-02	1.00E+00
952	1.34E-03	2.77E-03	2.36E-02	3.57E-01	3.51E-02	1.00E+00
953	1.33E-03	2.76E-03	2.21E-02	3.74E-01	3.46E-02	1.00E+00
954	1.31E-03	2.76E-03	2.09E-02	3.92E-01	3.42E-02	1.00E+00
955	1.29E-03	2.75E-03	1.98E-02	4.09E-01	3.39E-02	1.00E+00
956	1.28E-03	2.75E-03	1.88E-02	4.25E-01	3.39E-02	1.00E+00
957	1.26E-03	2.74E-03	1.79E-02	4.39E-01	3.42E-02	1.00E+00
958	1.24E-03	2.74E-03	1.72E-02	4.52E-01	3.46E-02	1.00E+00
959	1.23E-03	2.74E-03	1.65E-02	4.64E-01	3.51E-02	1.00E+00
960	1.21E-03	2.73E-03	1.60E-02	4.73E-01	3.56E-02	1.00E+00
961	1.19E-03	2.73E-03	1.55E-02	4.82E-01	3.60E-02	1.00E+00
962	1.18E-03	2.72E-03	1.51E-02	4.88E-01	3.63E-02	1.00E+00
963	1.16E-03	2.72E-03	1.47E-02	4.93E-01	3.66E-02	1.00E+00
964	1.14E-03	2.71E-03	1.44E-02	4.96E-01	3.68E-02	1.00E+00
965	1.12E-03	2.71E-03	1.39E-02	4.99E-01	3.71E-02	1.00E+00
966	1.09E-03	2.70E-03	1.34E-02	5.02E-01	3.73E-02	1.00E+00
967	1.06E-03	2.69E-03	1.29E-02	5.03E-01	3.76E-02	1.00E+00
968	1.04E-03	2.69E-03	1.25E-02	5.05E-01	3.80E-02	1.00E+00
969	1.01E-03	2.68E-03	1.21E-02	5.05E-01	3.83E-02	1.00E+00
970	9.89E-04	2.68E-03	1.18E-02	5.06E-01	3.86E-02	1.00E+00
971	9.70E-04	2.67E-03	1.16E-02	5.06E-01	3.89E-02	1.00E+00
972	9.56E-04	2.66E-03	1.15E-02	5.06E-01	3.92E-02	1.00E+00
973	9.41E-04	2.66E-03	1.15E-02	5.06E-01	3.95E-02	1.00E+00
974	9.26E-04	2.65E-03	1.16E-02	5.06E-01	3.99E-02	1.00E+00
975	9.11E-04	2.64E-03	1.16E-02	5.05E-01	4.04E-02	1.00E+00
976	8.96E-04	2.63E-03	1.16E-02	5.03E-01	4.09E-02	1.00E+00
977	8.80E-04	2.62E-03	1.15E-02	5.02E-01	4.15E-02	1.00E+00
978	8.63E-04	2.62E-03	1.14E-02	5.00E-01	4.21E-02	1.00E+00
979	8.46E-04	2.61E-03	1.13E-02	4.98E-01	4.27E-02	1.00E+00
980	8.28E-04	2.60E-03	1.12E-02	4.95E-01	4.32E-02	1.00E+00
981	8.10E-04	2.59E-03	1.11E-02	4.92E-01	4.36E-02	1.00E+00
982	7.93E-04	2.58E-03	1.11E-02	4.88E-01	4.39E-02	1.00E+00
983	7.75E-04	2.57E-03	1.12E-02	4.85E-01	4.42E-02	1.00E+00
984	7.58E-04	2.56E-03	1.13E-02	4.81E-01	4.45E-02	1.00E+00
985	7.40E-04	2.55E-03	1.15E-02	4.77E-01	4.48E-02	1.00E+00
986	7.23E-04	2.54E-03	1.18E-02	4.73E-01	4.53E-02	1.00E+00
987	7.05E-04	2.53E-03	1.22E-02	4.68E-01	4.57E-02	1.00E+00
988	6.87E-04	2.51E-03	1.26E-02	4.63E-01	4.62E-02	1.00E+00
989	6.69E-04	2.49E-03	1.32E-02	4.58E-01	4.67E-02	1.00E+00
990	6.51E-04	2.47E-03	1.38E-02	4.53E-01	4.71E-02	1.00E+00
991	6.37E-04	2.45E-03	1.46E-02	4.48E-01	4.74E-02	1.00E+00
992	6.23E-04	2.45E-03	1.54E-02	4.42E-01	4.76E-02	1.00E+00
993	6.10E-04	2.44E-03	1.62E-02	4.37E-01	4.78E-02	1.00E+00
994	5.97E-04	2.43E-03	1.71E-02	4.31E-01	4.80E-02	1.00E+00
995	5.84E-04	2.42E-03	1.79E-02	4.26E-01	4.83E-02	1.00E+00
996	5.71E-04	2.41E-03	1.86E-02	4.20E-01	4.87E-02	1.00E+00
997	5.59E-04	2.40E-03	1.94E-02	4.14E-01	4.92E-02	1.00E+00
998	5.47E-04	2.39E-03	2.01E-02	4.08E-01	4.98E-02	1.00E+00
999	5.35E-04	2.38E-03	2.09E-02	4.03E-01	5.05E-02	1.00E+00
1000	5.23E-04	2.37E-03	2.17E-02	3.97E-01	5.13E-02	1.00E+00
1001	5.12E-04	2.36E-03	2.27E-02	3.91E-01	5.22E-02	1.00E+00
1002	5.01E-04	2.34E-03	2.38E-02	3.85E-01	5.31E-02	1.00E+00
1003	4.90E-04	2.33E-03	2.50E-02	3.79E-01	5.41E-02	1.00E+00
1004	4.80E-04	2.32E-03	2.63E-02	3.72E-01	5.52E-02	1.00E+00
1005	4.69E-04	2.31E-03	2.77E-02	3.66E-01	5.62E-02	1.00E+00
1006	4.60E-04	2.30E-03	2.91E-02	3.60E-01	5.72E-02	1.00E+00
1007	4.50E-04	2.29E-03	3.06E-02	3.54E-01	5.82E-02	1.00E+00
1008	4.40E-04	2.28E-03	3.22E-02	3.48E-01	5.91E-02	1.00E+00
1009	4.31E-04	2.26E-03	3.39E-02	3.42E-01	6.00E-02	1.00E+00
1010	4.22E-04	2.25E-03	3.58E-02	3.36E-01	6.07E-02	1.00E+00
1011	4.12E-04	2.24E-03	3.79E-02	3.30E-01	6.14E-02	1.00E+00
1012	4.04E-04	2.23E-03	3.99E-02	3.24E-01	6.19E-02	1.00E+00
1013	3.95E-04	2.21E-03	4.19E-02	3.18E-01	6.25E-02	1.00E+00
1014	3.87E-04	2.20E-03	4.37E-02	3.12E-01	6.32E-02	1.00E+00
1015	3.78E-04	2.19E-03	4.52E-02	3.06E-01	6.38E-02	1.00E+00
1016	3.71E-04	2.18E-03	4.62E-02	3.00E-01	6.46E-02	1.00E+00
1017	3.63E-04	2.16E-03	4.70E-02	2.94E-01	6.54E-02	1.00E+00
1018	3.55E-04	2.15E-03	4.76E-02	2.88E-01	6.61E-02	1.00E+00
1019	3.47E-04	2.13E-03	4.81E-02	2.83E-01	6.67E-02	1.00E+00
1020	3.40E-04	2.12E-03	4.87E-02	2.77E-01	6.70E-02	1.00E+00
1021	3.33E-04	2.11E-03	4.95E-02	2.71E-01	6.70E-02	1.00E+00
1022	3.26E-04	2.09E-03	5.04E-02	2.65E-01	6.67E-02	1.00E+00
1023	3.19E-04	2.08E-03	5.14E-02	2.60E-01	6.63E-02	1.00E+00
1024	3.12E-04	2.06E-03	5.25E-02	2.55E-01	6.59E-02	1.00E+00
1025	3.06E-04	2.05E-03	5.36E-02	2.49E-01	6.56E-02	1.00E+00
1026	2.99E-04	2.04E-03	5.46E-02	2.44E-01	6.55E-02	1.00E+00
1027	2.93E-04	2.02E-03	5.55E-02	2.38E-01	6.54E-02	1.00E+00
1028	2.87E-04	2.01E-03	5.63E-02	2.33E-01	6.55E-02	1.00E+00
1029	2.81E-04	1.99E-03	5.72E-02	2.28E-01	6.57E-02	1.00E+00
1030	2.75E-04	1.98E-03	5.81E-02	2.23E-01	6.59E-02	1.00E+00
1031	2.69E-04	1.96E-03	5.91E-02	2.19E-01	6.59E-02	1.00E+00
1032	2.64E-04	1.94E-03	6.01E-02	2.15E-01	6.58E-02	1.00E+00
1033	2.58E-04	1.93E-03	6.10E-02	2.10E-01	6.56E-02	1.00E+00
1034	2.53E-04	1.91E-03	6.19E-02	2.06E-01	6.52E-02	1.00E+00
1035	2.48E-04	1.90E-03	6.26E-02	2.02E-01	6.48E-02	1.00E+00
1036	2.42E-04	1.88E-03	6.30E-02	1.97E-01	6.42E-02	1.00E+00
1037	2.37E-04	1.86E-03	6.34E-02	1.92E-01	6.36E-02	1.00E+00
1038	2.32E-04	1.85E-03	6.36E-02	1.89E-01	6.29E-02	1.00E+00
1039	2.28E-04	1.83E-03	6.36E-02	1.84E-01	6.22E-02	1.00E+00
1040	2.23E-04	1.81E-03	6.37E-02	1.81E-01	6.15E-02	1.00E+00
1041	2.18E-04	1.80E-03	6.37E-02	1.78E-01	6.08E-02	1.00E+00
1042	2.14E-04	1.78E-03	6.37E-02	1.74E-01	6.01E-02	1.00E+00
1043	2.09E-04	1.76E-03	6.36E-02	1.71E-01	5.95E-02	1.00E+00
1044	2.05E-04	1.75E-03	6.35E-02	1.68E-01	5.89E-02	1.00E+00
1045	2.01E-04	1.73E-03	6.33E-02	1.65E-01	5.82E-02	1.00E+00
1046	1.97E-04	1.71E-03	6.30E-02	1.61E-01	5.74E-02	1.00E+00
1047	1.93E-04	1.69E-03	6.25E-02	1.58E-01	5.66E-02	1.00E+00
1048	1.89E-04	1.67E-03	6.19E-02	1.55E-01	5.58E-02	1.00E+00
1049	1.85E-04	1.66E-03	6.11E-02	1.53E-01	5.51E-02	1.00E+00
1050	1.81E-04	1.64E-03	6.01E-02	1.50E-01	5.44E-02	1.00E+00
1051	1.77E-04	1.62E-03	5.88E-02	1.48E-01	5.38E-02	1.00E+00
1052	1.74E-04	1.60E-03	5.75E-02	1.46E-01	5.32E-02	1.00E+00
1053	1.70E-04	1.58E-03	5.60E-02	1.44E-01	5.26E-02	1.00E+00
1054	1.67E-04	1.56E-03	5.44E-02	1.42E-01	5.19E-02	1.00E+00
1055	1.63E-04	1.54E-03	5.27E-02	1.41E-01	5.12E-02	1.00E+00
1056	1.60E-04	1.52E-03	5.11E-02	1.39E-01	5.04E-02	1.00E+00
1057	1.57E-04	1.50E-03	4.94E-02	1.38E-01	4.95E-02	1.00E+00
1058	1.53E-04	1.49E-03	4.78E-02	1.35E-01	4.86E-02	1.00E+00
1059	1.50E-04	1.47E-03	4.62E-02	1.34E-01	4.78E-02	1.00E+00
1060	1.47E-04	1.45E-03	4.47E-02	1.34E-01	4.75E-02	1.00E+00
1061	1.44E-04	1.43E-03	4.33E-02	1.32E-01	4.68E-02	1.00E+00
1062	1.41E-04	1.41E-03	4.20E-02	1.32E-01	4.62E-02	1.00E+00
1063	1.38E-04	1.38E-03	4.07E-02	1.30E-01	4.56E-02	1.00E+00
1064	1.36E-04	1.36E-03	3.95E-02	1.29E-01	4.50E-02	1.00E+00
1065	1.33E-04	1.34E-03	3.84E-02	1.29E-01	4.43E-02	1.00E+00
1066	1.30E-04	1.32E-03	3.74E-02	1.29E-01	4.37E-02	1.00E+00
1067	1.28E-04	1.30E-03	3.64E-02	1.29E-01	4.31E-02	1.00E+00
1068	1.25E-04	1.28E-03	3.55E-02	1.28E-01	4.26E-02	1.00E+00
1069	1.22E-04	1.26E-03	3.47E-02	1.28E-01	4.20E-02	1.00E+00
1070	1.20E-04	1.24E-03	3.40E-02	1.28E-01	4.14E-02	1.00E+00
1071	1.18E-04	1.22E-03	3.34E-02	1.28E-01	4.08E-02	1.00E+00
1072	1.15E-04	1.19E-03	3.28E-02	1.28E-01	4.03E-02	1.00E+00
1073	1.13E-04	1.17E-03	3.23E-02	1.29E-01	3.97E-02	1.00E+00
1074	1.11E-04	1.15E-03	3.18E-02	1.29E-01	3.92E-02	1.00E+00
1075	1.08E-04	1.13E-03	3.13E-02	1.30E-01	3.87E-02	1.00E+00
1076	1.06E-04	1.11E-03	3.07E-02	1.30E-01	3.81E-02	1.00E+00
1077	1.04E-04	1.08E-03	3.01E-02	1.31E-01	3.76E-02	1.00E+00
1078	1.02E-04	1.06E-03	2.95E-02	1.32E-01	3.71E-02	1.00E+00
1079	1.00E-04	1.04E-03	2.89E-02	1.33E-01	3.66E-02	1.00E+00
1080	9.80E-05	1.02E-03	2.83E-02	1.33E-01	3.61E-02	1.00E+00
1081	9.60E-05	9.91E-04	2.77E-02	1.36E-01	3.56E-02	1.00E+00
1082	9.41E-05	9.68E-04	2.71E-02	1.37E-01	3.51E-02	1.00E+00
1083	9.22E-05	9.44E-04	2.65E-02	1.38E-01	3.46E-02	1.00E+00
1084	9.04E-05	9.21E-04	2.61E-02	1.40E-01	3.42E-02	1.00E+00
1085	8.86E-05	8.97E-04	2.57E-02	1.41E-01	3.37E-02	1.00E+00
1086	8.69E-05	8.73E-04	2.54E-02	1.43E-01	3.32E-02	1.00E+00
1087	8.51E-05	8.49E-04	2.52E-02	1.46E-01	3.28E-02	1.00E+00
1088	8.35E-05	8.25E-04	2.50E-02	1.47E-01	3.23E-02	1.00E+00
1089	8.18E-05	8.01E-04	2.48E-02	1.50E-01	3.19E-02	1.00E+00
1090	8.02E-05	7.76E-04	2.47E-02	1.53E-01	3.15E-02	1.00E+00
1091	7.86E-05	7.51E-04	2.44E-02	1.55E-01	3.10E-02	1.00E+00
1092	7.71E-05	7.27E-04	2.42E-02	1.58E-01	3.06E-02	1.00E+00
1093	7.55E-05	7.01E-04	2.39E-02	1.61E-01	3.02E-02	1.00E+00
1094	7.41E-05	6.77E-04	2.37E-02	1.63E-01	2.98E-02	1.00E+00
1095	7.26E-05	6.51E-04	2.36E-02	1.66E-01	2.94E-02	1.00E+00
1096	7.12E-05	6.26E-04	2.36E-02	1.69E-01	2.90E-02	1.00E+00
1097	6.97E-05	6.00E-04	2.36E-02	1.71E-01	2.86E-02	1.00E+00
1098	6.84E-05	5.74E-04	2.37E-02	1.75E-01	2.82E-02	1.00E+00
1099	6.70E-05	5.48E-04	2.39E-02	1.76E-01	2.78E-02	1.00E+00
1100	6.57E-05	5.22E-04	2.41E-02	1.78E-01	2.74E-02	1.00E+00
