lambda[nm]	Hb[cm-1/uM]	HbO2[cm-1/uM]	Lip[cm-1/mg]	H2O_37°[cm-1/mg]	Collagene_dens_1g/cm3[cm-1/mg]	Bkg[cm-1]
600	0.033796	0.0073683	6.09E-06	2.03E-06	0.000480847	1
601	0.032336338	0.006588991	5.88E-06	2.28E-06	0.000477535	1
602	0.031367	0.0061341	5.70E-06	2.44E-06	0.000474251	1
603	0.030218453	0.005536811	5.55E-06	2.42E-06	0.000470996	1
604	0.028938	0.0048999	5.45E-06	2.42E-06	0.000467768	1
605	0.027688925	0.004420236	5.39E-06	2.49E-06	0.000464567	1
606	0.02651	0.0041198	5.40E-06	2.49E-06	0.000461393	1
607	0.025317372	0.003929211	5.44E-06	2.49E-06	0.000458247	1
608	0.024126	0.0037937	5.47E-06	2.58E-06	0.000455127	1
609	0.022889722	0.003637908	5.48E-06	2.53E-06	0.000452033	1
610	0.021745	0.0034677	5.44E-06	2.69E-06	0.000448965	1
611	0.020742284	0.003301909	5.31E-06	2.79E-06	0.000445924	1
612	0.019782	0.0031416	5.14E-06	2.81E-06	0.000442907	1
613	0.018748704	0.002973889	4.95E-06	2.90E-06	0.000439916	1
614	0.017873	0.0028156	4.77E-06	2.69E-06	0.00043695	1
615	0.017304979	0.002673842	4.63E-06	2.95E-06	0.000434009	1
616	0.016912	0.0025559	4.57E-06	2.81E-06	0.000431092	1
617	0.016456076	0.002454658	4.56E-06	3.11E-06	0.0004282	1
618	0.01595	0.0023625	4.59E-06	3.06E-06	0.000425331	1
619	0.015440902	0.002266102	4.65E-06	3.02E-06	0.000422487	1
620	0.014989	0.002169	4.72E-06	2.90E-06	0.000419666	1
621	0.014594456	0.002072028	4.76E-06	2.97E-06	0.000420227	1
622	0.01426	0.0019756	4.77E-06	2.95E-06	0.00041775	1
623	0.013928205	0.001876015	4.77E-06	3.11E-06	0.000415203	1
624	0.013601	0.0017822	4.75E-06	2.92E-06	0.00041265	1
625	0.013263194	0.00169846	4.71E-06	3.06E-06	0.000410173	1
626	0.012941	0.0016293	4.66E-06	2.90E-06	0.000407725	1
627	0.012631859	0.001570288	4.61E-06	2.88E-06	0.000405558	1
628	0.012358	0.0015169	4.57E-06	2.86E-06	0.000403754	1
629	0.012098709	0.001460873	4.55E-06	3.15E-06	0.000402345	1
630	0.011856	0.0014046	4.55E-06	3.04E-06	0.000401301	1
631	0.01160412	0.001348428	4.60E-06	3.11E-06	0.000400505	1
632	0.011354	0.0012922	4.65E-06	2.72E-06	0.000399846	1
633	0.011102484	0.0012336	4.70E-06	2.90E-06	0.000399155	1
634	0.010893	0.0011798	4.72E-06	2.92E-06	0.000398252	1
635	0.010729146	0.001134942	4.70E-06	2.62E-06	0.000396974	1
636	0.010597	0.0011025	4.61E-06	2.83E-06	0.000394911	1
637	0.010450053	0.001078971	4.49E-06	2.74E-06	0.00039241	1
638	0.010301	0.0010601	4.36E-06	2.99E-06	0.000389577	1
639	0.010148886	0.001039208	4.25E-06	2.99E-06	0.000386553	1
640	0.010005	0.0010177	4.18E-06	3.15E-06	0.000383495	1
641	0.00985448	0.000996178	4.20E-06	2.86E-06	0.000380485	1
642	0.0097095	0.00097538	4.26E-06	2.79E-06	0.000377727	1
643	0.009558989	0.000953449	4.33E-06	3.22E-06	0.000375316	1
644	0.0094139	0.00093301	4.40E-06	2.97E-06	0.000373285	1
645	0.009265216	0.000914315	4.45E-06	3.15E-06	0.000371602	1
646	0.0091299	0.00089893	4.41E-06	2.99E-06	0.000370077	1
647	0.009000884	0.000885302	4.34E-06	3.20E-06	0.000368707	1
648	0.0088825	0.00087314	4.25E-06	3.20E-06	0.000367352	1
649	0.00875715	0.000860148	4.16E-06	3.13E-06	0.000365853	1
650	0.008635	0.00084735	4.09E-06	3.20E-06	0.000364051	1
651	0.008508591	0.000834198	4.08E-06	3.22E-06	0.000361656	1
652	0.0083875	0.00082156	4.08E-06	3.34E-06	0.000358787	1
653	0.008261196	0.000808272	4.09E-06	3.32E-06	0.000355452	1
654	0.00814	0.00079577	4.08E-06	3.38E-06	0.000351701	1
655	0.008014693	0.000783478	4.04E-06	3.25E-06	0.000347622	1
656	0.0078925	0.00077183	3.93E-06	3.32E-06	0.000343164	1
657	0.007764312	0.000759779	3.78E-06	3.27E-06	0.000338691	1
658	0.007645	0.00074972	3.61E-06	3.66E-06	0.000334391	1
659	0.00753095	0.000741866	3.44E-06	3.52E-06	0.000330418	1
660	0.0074294	0.00073591	3.28E-06	3.82E-06	0.000326872	1
661	0.007327442	0.000729366	3.16E-06	3.82E-06	0.000323798	1
662	0.0072308	0.00072301	3.07E-06	3.75E-06	0.000321151	1
663	0.007129618	0.000716365	3.01E-06	3.78E-06	0.000318836	1
664	0.007032	0.00071012	2.96E-06	3.66E-06	0.000316713	1
665	0.006930549	0.000703358	2.93E-06	3.78E-06	0.000314628	1
666	0.0068333	0.00069722	2.88E-06	3.78E-06	0.000312206	1
667	0.006732019	0.000691195	2.83E-06	3.78E-06	0.000309639	1
668	0.0066347	0.00068617	2.78E-06	3.71E-06	0.000306925	1
669	0.006533693	0.000681229	2.74E-06	3.85E-06	0.00030409	1
670	0.006436	0.00067696	2.72E-06	3.82E-06	0.000301184	1
671	0.006334332	0.000672312	2.71E-06	3.73E-06	0.000298199	1
672	0.0062373	0.00066775	2.71E-06	3.87E-06	0.000295305	1
673	0.006139593	0.000662437	2.71E-06	3.94E-06	0.000292589	1
674	0.0060504	0.00065762	2.72E-06	4.10E-06	0.000290116	1
675	0.005963126	0.000653029	2.72E-06	3.82E-06	0.000287923	1
676	0.0058817	0.00064933	2.72E-06	3.82E-06	0.000285893	1
677	0.005796153	0.000645588	2.70E-06	3.94E-06	0.000284157	1
678	0.0057131	0.00064288	2.68E-06	3.96E-06	0.00028269	1
679	0.005627041	0.000640662	2.64E-06	3.96E-06	0.000281427	1
680	0.0055444	0.0006392	2.60E-06	4.08E-06	0.000280276	1
681	0.005458529	0.000637184	2.54E-06	4.21E-06	0.000279123	1
682	0.0053758	0.00063551	2.48E-06	4.37E-06	0.000277857	1
683	0.005289908	0.000633661	2.44E-06	4.21E-06	0.000276376	1
684	0.0052073	0.00063183	2.41E-06	4.17E-06	0.000274611	1
685	0.005121936	0.000629193	2.40E-06	4.33E-06	0.000272541	1
686	0.0050386	0.00062815	2.42E-06	4.44E-06	0.000269843	1
687	0.004951608	0.000629193	2.46E-06	4.61E-06	0.000267089	1
688	0.00487	0.00063183	2.50E-06	4.70E-06	0.000264513	1
689	0.004791834	0.000633661	2.54E-06	4.88E-06	0.000262325	1
690	0.0047248	0.00063551	2.56E-06	4.72E-06	0.000260673	1
691	0.004662591	0.000637178	2.56E-06	5.07E-06	0.00025987	1
692	0.0046063	0.0006392	2.54E-06	5.18E-06	0.000259518	1
693	0.004546302	0.000640698	2.49E-06	5.16E-06	0.000259394	1
694	0.0044878	0.00064288	2.41E-06	5.25E-06	0.000259229	1
695	0.004427118	0.000645457	2.32E-06	5.48E-06	0.000258755	1
696	0.0043693	0.00064933	2.22E-06	5.80E-06	0.000257355	1
697	0.004308809	0.00065359	2.11E-06	5.92E-06	0.000255437	1
698	0.0042508	0.00065854	2.02E-06	5.99E-06	0.000253083	1
699	0.004190321	0.000662998	1.95E-06	6.40E-06	0.000250433	1
700	0.0041315	0.00066775	1.92E-06	6.56E-06	0.000247658	1
701	0.004069216	0.000672181	1.93E-06	6.45E-06	0.000244989	1
702	0.0040088	0.00067696	1.96E-06	6.52E-06	0.000242488	1
703	0.003946317	0.000681265	2.02E-06	6.82E-06	0.000240237	1
704	0.0038862	0.00068617	2.08E-06	6.93E-06	0.000238269	1
705	0.00382382	0.000691189	2.13E-06	7.02E-06	0.000236566	1
706	0.0037635	0.00069722	2.15E-06	7.25E-06	0.000235023	1
707	0.003701811	0.000703364	2.17E-06	7.78E-06	0.00023361	1
708	0.0036462	0.00071012	2.17E-06	7.92E-06	0.000232235	1
709	0.003594254	0.000716379	2.17E-06	7.99E-06	0.000230803	1
710	0.0035471	0.00072301	2.18E-06	8.40E-06	0.00022924	1
711	0.003496945	0.000729294	2.21E-06	8.93E-06	0.000227237	1
712	0.0034479	0.00073591	2.25E-06	9.10E-06	0.000225146	1
713	0.003397244	0.000741985	2.26E-06	9.56E-06	0.00022308	1
714	0.0033488	0.0007488	2.26E-06	1.00E-05	0.000221149	1
715	0.003298333	0.000755951	2.23E-06	1.05E-05	0.000219439	1
716	0.0032497	0.00076446	2.14E-06	1.09E-05	0.00021814	1
717	0.003199216	0.000773291	2.05E-06	1.14E-05	0.000217048	1
718	0.0031506	0.00078288	1.98E-06	1.20E-05	0.000216065	1
719	0.003100477	0.000791912	1.95E-06	1.27E-05	0.00021507	1
720	0.003053	0.0008013	1.99E-06	1.29E-05	0.000213949	1
721	0.003005127	0.000810279	2.14E-06	1.36E-05	0.000212355	1
722	0.0029592	0.00081972	2.35E-06	1.43E-05	0.000210596	1
723	0.002910953	0.000828642	2.61E-06	1.50E-05	0.00020876	1
724	0.0028654	0.00083814	2.90E-06	1.53E-05	0.000206958	1
725	0.002818873	0.000847414	3.19E-06	1.63E-05	0.000205306	1
726	0.0027716	0.00085748	3.43E-06	1.70E-05	0.000203891	1
727	0.002717159	0.000867316	3.64E-06	1.80E-05	0.000202807	1
728	0.0026544	0.00087775	3.81E-06	1.89E-05	0.000202094	1
729	0.002584962	0.00088761	3.94E-06	1.98E-05	0.000201742	1
730	0.0025379	0.00089801	4.04E-06	2.10E-05	0.000201694	1
731	0.002527552	0.000907982	4.13E-06	2.23E-05	0.000201853	1
732	0.0025379	0.00091827	4.20E-06	2.36E-05	0.000202088	1
733	0.002539966	0.000927815	4.26E-06	2.50E-05	0.000202259	1
734	0.0025379	0.00093853	4.31E-06	2.62E-05	0.000202233	1
735	0.002536668	0.000950227	4.36E-06	2.72E-05	0.000201908	1
736	0.0025369	0.00096432	4.41E-06	2.81E-05	0.000200977	1
737	0.002533399	0.000979376	4.48E-06	2.88E-05	0.000199773	1
738	0.0025339	0.00099564	4.59E-06	2.93E-05	0.00019842	1
739	0.002541565	0.001011129	4.76E-06	2.97E-05	0.000197053	1
740	0.0025694	0.001027	4.98E-06	3.03E-05	0.000195796	1
741	0.00261714	0.001042357	5.26E-06	3.02E-05	0.000194861	1
742	0.0026748	0.0010583	5.60E-06	3.03E-05	0.000194126	1
743	0.002726163	0.001073542	5.97E-06	3.04E-05	0.000193544	1
744	0.0027801	0.0010896	6.36E-06	3.05E-05	0.000193037	1
745	0.002841908	0.001105526	6.76E-06	3.02E-05	0.00019251	1
746	0.0029152	0.0011227	7.14E-06	3.02E-05	0.000191675	1
747	0.002993472	0.001139764	7.51E-06	3.01E-05	0.000190734	1
748	0.0030699	0.0011577	7.86E-06	3.00E-05	0.000189708	1
749	0.003139036	0.001174929	8.18E-06	3.02E-05	0.000188636	1
750	0.0032357	0.0011927	8.49E-06	2.98E-05	0.000187561	1
751	0.003370315	0.001209777	8.78E-06	3.01E-05	0.000186507	1
752	0.0034892	0.0012277	9.06E-06	3.01E-05	0.00018554	1
753	0.00353756	0.001245052	9.35E-06	3.01E-05	0.00018469	1
754	0.00355	0.0012627	9.63E-06	3.00E-05	0.000183966	1
755	0.003569792	0.00127866	9.92E-06	2.99E-05	0.000183357	1
756	0.0035931	0.0012941	1.02E-05	2.97E-05	0.000182773	1
757	0.003597325	0.001307755	1.05E-05	2.98E-05	0.000182245	1
758	0.0035931	0.0013217	1.07E-05	2.97E-05	0.000181733	1
759	0.003584581	0.001335039	1.08E-05	2.94E-05	0.000181187	1
760	0.0035656	0.0013493	1.08E-05	2.94E-05	0.000180556	1
761	0.003525169	0.001362762	1.06E-05	2.94E-05	0.000179747	1
762	0.0034733	0.0013769	1.03E-05	2.90E-05	0.000178791	1
763	0.003416331	0.001390258	9.94E-06	2.88E-05	0.000177687	1
764	0.0033608	0.0014046	9.46E-06	2.88E-05	0.000176455	1
765	0.003303321	0.001418587	8.91E-06	2.87E-05	0.000175128	1
766	0.0032478	0.001434	8.35E-06	2.88E-05	0.000173594	1
767	0.0031905	0.001449173	7.77E-06	2.85E-05	0.000172136	1
768	0.0031346	0.0014654	7.18E-06	2.83E-05	0.000170867	1
769	0.003076825	0.001480705	6.60E-06	2.80E-05	0.000169871	1
770	0.0030207	0.0014967	6.05E-06	2.80E-05	0.000169189	1
771	0.002962937	0.001511835	5.50E-06	2.78E-05	0.000168942	1
772	0.0029069	0.001528	4.99E-06	2.77E-05	0.000168889	1
773	0.002849043	0.001543432	4.54E-06	2.73E-05	0.000168886	1
774	0.002793	0.0015593	4.14E-06	2.72E-05	0.000168779	1
775	0.00273575	0.001573265	3.80E-06	2.74E-05	0.000168434	1
776	0.0026792	0.0015869	3.54E-06	2.69E-05	0.000167469	1
777	0.002620361	0.001598666	3.32E-06	2.66E-05	0.000166253	1
778	0.0025669	0.0016109	3.12E-06	2.65E-05	0.000164907	1
779	0.002519097	0.001622338	2.93E-06	2.65E-05	0.000163573	1
780	0.0024763	0.0016348	2.74E-06	2.63E-05	0.000162393	1
781	0.002430816	0.001646305	2.51E-06	2.60E-05	0.000161613	1
782	0.0023857	0.0016588	2.27E-06	2.57E-05	0.00016111	1
783	0.002339695	0.001670443	2.06E-06	2.57E-05	0.000160853	1
784	0.002295	0.0016827	1.88E-06	2.53E-05	0.00016077	1
785	0.002248592	0.001693283	1.75E-06	2.50E-05	0.000160765	1
786	0.0022044	0.0017039	1.72E-06	2.47E-05	0.000160552	1
787	0.00216123	0.00171277	1.74E-06	2.43E-05	0.00016029	1
788	0.0021225	0.0017223	1.81E-06	2.44E-05	0.000159965	1
789	0.00208546	0.001730906	1.91E-06	2.42E-05	0.000159571	1
790	0.0020511	0.0017408	2.03E-06	2.39E-05	0.000159107	1
791	0.002015319	0.001749819	2.12E-06	2.36E-05	0.000158603	1
792	0.0019798	0.0017592	2.21E-06	2.35E-05	0.000158026	1
793	0.001942804	0.001767217	2.28E-06	2.33E-05	0.000157373	1
794	0.0019084	0.0017776	2.35E-06	2.31E-05	0.000156647	1
795	0.001876048	0.001790459	2.42E-06	2.26E-05	0.000155857	1
796	0.0018489	0.0018108	2.49E-06	2.24E-05	0.000154892	1
797	0.001823988	0.0018359	2.57E-06	2.23E-05	0.000153967	1
798	0.0018015	0.0018586	2.64E-06	2.22E-05	0.000153161	1
799	0.001777561	0.001869962	2.70E-06	2.19E-05	0.000152543	1
800	0.0017539	0.0018789	2.77E-06	2.20E-05	0.000152153	1
801	0.001730078	0.00189144	2.81E-06	2.19E-05	0.000152031	1
802	0.0017128	0.0019065	2.86E-06	2.16E-05	0.000152112	1
803	0.001702553	0.001916658	2.90E-06	2.16E-05	0.000152332	1
804	0.0016972	0.001925	2.95E-06	2.15E-05	0.000152602	1
805	0.001689476	0.001932363	3.01E-06	2.15E-05	0.000152827	1
806	0.0016815	0.0019434	3.07E-06	2.14E-05	0.000152795	1
807	0.00167311	0.001956709	3.15E-06	2.13E-05	0.000152598	1
808	0.001666	0.001971	3.24E-06	2.14E-05	0.000152225	1
809	0.00165779	0.001980653	3.36E-06	2.16E-05	0.000151679	1
810	0.0016511	0.0019894	3.51E-06	2.17E-05	0.00015098	1
811	0.001644409	0.001997625	3.68E-06	2.19E-05	0.000150132	1
812	0.0016391	0.0020079	3.87E-06	2.21E-05	0.0001492	1
813	0.001632636	0.002017181	4.06E-06	2.23E-05	0.000148227	1
814	0.001627	0.0020263	4.24E-06	2.22E-05	0.00014725	1
815	0.001620547	0.002032788	4.42E-06	2.27E-05	0.000146301	1
816	0.0016148	0.0020429	4.56E-06	2.29E-05	0.000145358	1
817	0.001607903	0.002057422	4.70E-06	2.33E-05	0.000144495	1
818	0.0016028	0.002076	4.84E-06	2.35E-05	0.000143734	1
819	0.00159867	0.002092494	5.00E-06	2.35E-05	0.000143084	1
820	0.0015974	0.0021092	5.18E-06	2.41E-05	0.000142546	1
821	0.001596535	0.002124914	5.41E-06	2.43E-05	0.000142028	1
822	0.0015971	0.0021423	5.64E-06	2.44E-05	0.000141636	1
823	0.0015966	0.002158659	5.85E-06	2.52E-05	0.000141382	1
824	0.0015968	0.0021755	6.02E-06	2.59E-05	0.000141266	1
825	0.001596099	0.002189315	6.13E-06	2.63E-05	0.00014127	1
826	0.0015964	0.0022022	6.13E-06	2.80E-05	0.000141362	1
827	0.001595849	0.002212105	6.07E-06	2.90E-05	0.000141502	1
828	0.0015962	0.0022225	5.98E-06	3.07E-05	0.000141643	1
829	0.001595559	0.002231831	5.86E-06	3.19E-05	0.000141732	1
830	0.0015958	0.0022427	5.76E-06	3.36E-05	0.000141724	1
831	0.001595199	0.00225229	5.70E-06	3.48E-05	0.000141501	1
832	0.0015955	0.002263	5.66E-06	3.65E-05	0.000141163	1
833	0.001594838	0.002272359	5.65E-06	3.77E-05	0.000140738	1
834	0.0015951	0.0022832	5.64E-06	3.81E-05	0.000140265	1
835	0.001594549	0.002293275	5.63E-06	3.91E-05	0.000139786	1
836	0.0015949	0.0023053	5.58E-06	4.01E-05	0.000139279	1
837	0.001594261	0.002316546	5.51E-06	4.01E-05	0.000138859	1
838	0.0015945	0.0023293	5.40E-06	4.05E-05	0.000138564	1
839	0.00159389	0.002340671	5.26E-06	4.08E-05	0.00013841	1
840	0.0015942	0.0023532	5.08E-06	4.13E-05	0.000138383	1
841	0.00159357	0.002364376	4.86E-06	4.17E-05	0.000138475	1
842	0.0015938	0.0023772	4.64E-06	4.16E-05	0.00013859	1
843	0.001593104	0.002388908	4.45E-06	4.18E-05	0.000138649	1
844	0.0015933	0.0024011	4.30E-06	4.20E-05	0.000138578	1
845	0.001592597	0.002409951	4.20E-06	4.23E-05	0.000138321	1
846	0.0015928	0.0024177	4.20E-06	4.26E-05	0.000137665	1
847	0.0015921	0.002422048	4.24E-06	4.27E-05	0.000136871	1
848	0.0015923	0.0024269	4.30E-06	4.34E-05	0.000136037	1
849	0.0015916	0.00243063	4.36E-06	4.37E-05	0.000135267	1
850	0.0015918	0.0024361	4.38E-06	4.40E-05	0.000134653	1
851	0.001591069	0.00244017	4.30E-06	4.39E-05	0.000134355	1
852	0.0015913	0.0024453	4.20E-06	4.46E-05	0.000134267	1
853	0.001590718	0.002448887	4.10E-06	4.45E-05	0.000134346	1
854	0.0015908	0.0024546	4.04E-06	4.44E-05	0.000134527	1
855	0.001589718	0.00246063	4.04E-06	4.45E-05	0.000134735	1
856	0.0015903	0.0024702	4.16E-06	4.51E-05	0.000134725	1
857	0.0015915	0.002480164	4.35E-06	4.51E-05	0.000134688	1
858	0.0015944	0.0024923	4.57E-06	4.53E-05	0.000134652	1
859	0.001596186	0.002502805	4.80E-06	4.54E-05	0.000134654	1
860	0.0015987	0.0025144	5.01E-06	4.56E-05	0.00013473	1
861	0.001600431	0.002524586	5.13E-06	4.61E-05	0.000134946	1
862	0.0016031	0.0025365	5.22E-06	4.61E-05	0.000135264	1
863	0.001604725	0.00254715	5.32E-06	4.62E-05	0.000135673	1
864	0.0016073	0.0025586	5.45E-06	4.60E-05	0.000136151	1
865	0.001609098	0.002567095	5.64E-06	4.68E-05	0.000136673	1
866	0.0016116	0.0025752	5.96E-06	4.65E-05	0.000137078	1
867	0.001612929	0.002580351	6.34E-06	4.71E-05	0.000137542	1
868	0.001616	0.0025863	6.77E-06	4.71E-05	0.000138099	1
869	0.001619776	0.002590952	7.21E-06	4.80E-05	0.000138779	1
870	0.0016253	0.0025973	7.66E-06	4.85E-05	0.000139597	1
871	0.001629648	0.002602168	8.02E-06	4.87E-05	0.000140571	1
872	0.0016347	0.0026084	8.39E-06	4.86E-05	0.000141646	1
873	0.001638947	0.002613111	8.81E-06	4.92E-05	0.000142777	1
874	0.0016442	0.0026194	9.29E-06	4.97E-05	0.000143913	1
875	0.001648497	0.002624494	9.87E-06	5.00E-05	0.00014501	1
876	0.0016537	0.0026314	1.06E-05	5.01E-05	0.00014589	1
877	0.001657936	0.002637055	1.15E-05	5.10E-05	0.000146742	1
878	0.0016632	0.0026443	1.24E-05	5.15E-05	0.000147629	1
879	0.001667621	0.002650029	1.34E-05	5.25E-05	0.000148616	1
880	0.0016727	0.0026572	1.44E-05	5.25E-05	0.00014977	1
881	0.001676269	0.002662853	1.53E-05	5.27E-05	0.000151143	1
882	0.0016805	0.0026701	1.63E-05	5.42E-05	0.000152771	1
883	0.001683872	0.002675906	1.73E-05	5.45E-05	0.000154674	1
884	0.0016883	0.002683	1.85E-05	5.56E-05	0.000156848	1
885	0.001691759	0.00268805	1.97E-05	5.57E-05	0.000159276	1
886	0.0016961	0.002694	2.12E-05	5.61E-05	0.000161845	1
887	0.001699419	0.002697942	2.27E-05	5.62E-05	0.00016463	1
888	0.0017038	0.0027032	2.44E-05	5.63E-05	0.000167621	1
889	0.001707456	0.002706989	2.60E-05	5.77E-05	0.000170801	1
890	0.0017122	0.0027124	2.77E-05	5.97E-05	0.000174153	1
891	0.00171593	0.002716293	2.93E-05	5.94E-05	0.00017755	1
892	0.0017206	0.0027217	3.08E-05	5.92E-05	0.000181107	1
893	0.001724318	0.00272554	3.22E-05	6.01E-05	0.000184824	1
894	0.001729	0.0027309	3.37E-05	5.99E-05	0.000188684	1
895	0.00173267	0.002734723	3.52E-05	6.09E-05	0.000192648	1
896	0.0017373	0.0027401	3.67E-05	6.06E-05	0.000196691	1
897	0.001740972	0.002743924	3.82E-05	6.14E-05	0.000200676	1
898	0.0017457	0.0027493	3.97E-05	6.31E-05	0.000204494	1
899	0.001749494	0.002753133	4.11E-05	6.40E-05	0.000208038	1
900	0.0017542	0.0027585	4.25E-05	6.58E-05	0.000211219	1
901	0.001757653	0.002762284	0.00004368	6.61E-05	0.000213772	1
902	0.0017616	0.0027677	0.00004459	6.70E-05	0.000215948	1
903	0.001763992	0.002771618	0.00004641	6.77E-05	0.000217819	1
904	0.0017671	0.0027769	0.00004823	6.82E-05	0.000219466	1
905	0.001769258	0.002780124	0.00005005	6.91E-05	0.000220954	1
906	0.0017725	0.0027843	0.00005187	7.00E-05	0.00022241	1
907	0.001774761	0.002786378	0.0000546	7.08E-05	0.000223731	1
908	0.001778	0.0027898	0.00005733	7.15E-05	0.000224867	1
909	0.001780234	0.002791718	0.00006097	7.26E-05	0.000225752	1
910	0.0017835	0.0027953	0.0000637	7.37E-05	0.000226316	1
911	0.001785761	0.002797304	0.00006734	7.45E-05	0.000226345	1
912	0.0017889	0.0028009	0.00007098	7.58E-05	0.000226021	1
913	0.001790616	0.00280292	0.00007462	7.72E-05	0.000225393	1
914	0.0017923	0.0028064	0.00007826	7.87E-05	0.000224528	1
915	0.00179168	0.002808054	0.0000819	8.00E-05	0.000223505	1
916	0.0017915	0.002811	0.00008554	8.19E-05	0.000222398	1
917	0.001790563	0.002812104	0.00008827	8.39E-05	0.000221291	1
918	0.0017908	0.0028147	0.000091	8.59E-05	0.000220249	1
919	0.00178993	0.002815778	0.00009373	8.80E-05	0.000219316	1
920	0.0017899	0.0028184	0.00009737	9.07E-05	0.000218515	1
921	0.001788804	0.00281932	0.0001001	9.36E-05	0.000217748	1
922	0.0017892	0.002822	0.00010283	9.65E-05	0.000217123	1
923	0.001789026	0.002823308	0.00010647	9.99E-05	0.000216622	1
924	0.0017883	0.0028257	0.0001092	0.000103593	0.0002162	1
925	0.001783701	0.002825228	0.00011193	0.000107623	0.000215786	1
926	0.0017784	0.0028248	0.00011466	0.000111767	0.000215276	1
927	0.001772372	0.002821515	0.00011648	0.000116327	0.000214574	1
928	0.0017686	0.0028193	0.0001183	0.000121254	0.000213574	1
929	0.001764487	0.002815664	0.00011921	0.000126412	0.00021218	1
930	0.0017588	0.0028138	0.00011921	0.000132168	0.000210321	1
931	0.001747035	0.00281027	0.0001183	0.000137695	0.000207776	1
932	0.0017322	0.0028082	0.00011648	0.000143866	0.000204806	1
933	0.001714932	0.002804544	0.00011375	0.000150359	0.000201515	1
934	0.0016983	0.0028027	0.00011102	0.000157036	0.000198028	1
935	0.001680849	0.002799746	0.00010647	0.000163898	0.000194464	1
936	0.0016645	0.002799	0.00010283	0.00017099	0.000191117	1
937	0.001647199	0.002797205	0.00009737	0.000178427	0.000187833	1
938	0.0016306	0.0027972	0.00009191	0.00018621	0.000184631	1
939	0.001613003	0.002795515	0.00008554	0.0001942	0.000181538	1
940	0.0015967	0.0027953	0.00008008	0.00020272	0.000178607	1
941	0.001579901	0.002793528	0.00007371	0.000211331	0.000175365	1
942	0.0015628	0.0027935	0.00006734	0.000221209	0.000172685	1
943	0.001542333	0.00279199	0.00006188	0.000231226	0.000170863	1
944	0.0015209	0.0027917	0.00005733	0.000241841	0.000170118	1
945	0.001498095	0.00278902	0.00005187	0.000253307	0.000170536	1
946	0.0014761	0.002787	0.00004732	0.000265074	0.00017271	1
947	0.001453275	0.002782714	0.00004368	0.00027783	0.000175495	1
948	0.0014314	0.0027797	0.00004004	0.000291899	0.000178318	1
949	0.001408826	0.002775185	0.00003731	0.00030705	0.000180612	1
950	0.0013867	0.0027723	0.00003458	0.000322707	0.000181913	1
951	0.001363654	0.002767803	0.00003185	0.000339378	0.000180983	1
952	0.0013433	0.0027649	0.00003003	0.000356716	0.000179092	1
953	0.001325463	0.002760522	0.0000273	0.000374193	0.000176727	1
954	0.00131	0.0027576	0.00002639	0.000391785	0.000174459	1
955	0.001293222	0.002752833	0.00002457	0.000408709	0.000172837	1
956	0.0012767	0.0027493	0.00002275	0.000424551	0.000173024	1
957	0.00125971	0.002743973	0.00002184	0.000439011	0.000174266	1
958	0.0012435	0.0027401	0.00002002	0.000452251	0.000176364	1
959	0.001226473	0.002734718	0.00001911	0.000463833	0.000178995	1
960	0.0012101	0.0027309	0.0000182	0.000473458	0.000181776	1
961	0.001193027	0.002725512	0.0000182	0.000481655	0.000183695	1
962	0.0011769	0.0027217	0.00001729	0.00048801	0.000185337	1
963	0.0011599	0.002716383	0.00001729	0.000492684	0.000186721	1
964	0.0011406	0.0027124	0.00001638	0.00049646	0.000187927	1
965	0.001115941	0.002706434	0.00001638	0.000499362	0.000189071	1
966	0.0010899	0.0027014	0.00001547	0.000501733	0.000190519	1
967	0.001064351	0.002694304	0.00001456	0.000503276	0.000192043	1
968	0.0010392	0.0026885	0.00001456	0.000504565	0.000193642	1
969	0.001012203	0.002681272	0.00001456	0.000505371	0.000195299	1
970	0.00098855	0.0026756	0.00001365	0.000505855	0.00019699	1
971	0.000970392	0.002668357	0.00001365	0.000506108	0.000198415	1
972	0.00095622	0.0026627	0.00001365	0.000506385	0.000199956	1
973	0.000941188	0.00265565	0.00001365	0.000506016	0.000201705	1
974	0.00092628	0.0026498	0.00001274	0.000505625	0.000203736	1
975	0.000911208	0.002641726	0.00001274	0.000504865	0.000206082	1
976	0.00089637	0.0026342	0.00001274	0.000503414	0.000208873	1
977	0.000880036	0.002624373	0.00001274	0.000501871	0.000211845	1
978	0.00086334	0.0026157	0.00001274	0.000499983	0.00021485	1
979	0.000845601	0.002605722	0.00001274	0.000497566	0.000217729	1
980	0.00082814	0.0025973	0.00001274	0.000494849	0.000220347	1
981	0.000810282	0.002587319	0.00001274	0.000491855	0.000222236	1
982	0.00079295	0.0025789	0.00001274	0.000488401	0.000223876	1
983	0.000775146	0.002569331	0.00001274	0.000484901	0.000225408	1
984	0.00075774	0.0025605	0.00001274	0.000481056	0.000226983	1
985	0.000739857	0.00254861	0.00001365	0.000476865	0.000228724	1
986	0.00072254	0.0025384	0.00001365	0.000472583	0.000230929	1
987	0.000704999	0.00252752	0.00001456	0.000467931	0.000233303	1
988	0.00068734	0.0025126	0.00001456	0.000463073	0.000235728	1
989	0.000668605	0.002487717	0.00001547	0.000458099	0.00023806	1
990	0.00065141	0.0024656	0.00001547	0.000453034	0.000240163	1
991	0.000636462	0.002452691	0.00001638	0.000447876	0.000241602	1
992	0.00062341	0.0024469	0.00001729	0.000442488	0.000242807	1
993	0.000609893	0.002437527	0.0000182	0.000437146	0.000243921	1
994	0.00059667	0.0024276	0.00001911	0.00043132	0.000245117	1
995	0.000583539	0.002416849	0.00002002	0.000425702	0.000246577	1
996	0.00057113	0.0024077	0.00002093	0.000420038	0.000248508	1
997	0.000558622	0.002396846	0.00002184	0.00041412	0.000250968	1
998	0.00054672	0.0023872	0.00002275	0.000408363	0.000254015	1
999	0.000534775	0.002376067	0.00002366	0.000402584	0.000257648	1
1000	0.00052341	0.0023661	0.00002457	0.000396666	0.000261816	1
1001	0.000511993	0.002354609	0.00002548	0.000390818	0.000266271	1
1002	0.00050113	0.0023443	0.00002639	0.000384601	0.000271098	1
1003	0.000490226	0.002332566	0.0000273	0.000378591	0.000276203	1
1004	0.00047985	0.002322	0.00002821	0.000372397	0.00028147	1
1005	0.000469423	0.002309933	0.00003003	0.000366272	0.00028677	1
1006	0.0004595	0.002299	0.00003094	0.000360493	0.00029199	1
1007	0.000449537	0.002286639	0.00003276	0.00035446	0.000296992	1
1008	0.00044006	0.0022754	0.00003367	0.000348151	0.000301677	1
1009	0.00043054	0.002262689	0.00003549	0.000342233	0.000305983	1
1010	0.00042148	0.0022511	0.00003731	0.000336223	0.000309888	1
1011	0.000412374	0.002238131	0.00003822	0.00032973	0.000313027	1
1012	0.00040371	0.0022263	0.00004004	0.000323743	0.000315997	1
1013	0.000395009	0.002213063	0.00004186	0.000317665	0.000319002	1
1014	0.00038673	0.0022009	0.00004277	0.000311701	0.0003222	1
1015	0.000378408	0.002187317	0.00004459	0.000305829	0.000325663	1
1016	0.00037049	0.0021748	0.0000455	0.000299797	0.00032979	1
1017	0.000362537	0.002160914	0.00004732	0.00029381	0.000333836	1
1018	0.00035497	0.0021481	0.00004823	0.000288053	0.000337432	1
1019	0.000347361	0.002133921	0.00004914	0.000282527	0.000340211	1
1020	0.00034012	0.0021208	0.00005005	0.000276725	0.000341883	1
1021	0.000332843	0.002106343	0.00005096	0.000271083	0.000341557	1
1022	0.00032592	0.0020929	0.00005096	0.000265396	0.000340244	1
1023	0.000318961	0.002078087	0.00005187	0.000260054	0.000338342	1
1024	0.00031234	0.0020643	0.00005187	0.000254643	0.000336306	1
1025	0.000305683	0.002049245	0.00005278	0.000249186	0.000334566	1
1026	0.00029935	0.0020352	0.00005369	0.000243683	0.000333907	1
1027	0.000292986	0.002019818	0.00005369	0.000238364	0.000333893	1
1028	0.00028693	0.0020054	0.0000546	0.000233022	0.0003344	1
1029	0.000280837	0.001989712	0.00005642	0.000228186	0.000335188	1
1030	0.00027504	0.001975	0.00005733	0.000223167	0.000335949	1
1031	0.000269213	0.001959021	0.00005824	0.000218557	0.000335987	1
1032	0.00026367	0.001944	0.00005915	0.000215218	0.000335527	1
1033	0.000258095	0.001927744	0.00006006	0.000209945	0.000334473	1
1034	0.00025279	0.0019124	0.00006097	0.000206157	0.00033279	1
1035	0.000247456	0.001895789	0.00006188	0.0002023	0.0003305	1
1036	0.00024238	0.0018801	0.00006279	0.000197016	0.0003276	1
1037	0.000237272	0.001863248	0.00006279	0.00019248	0.000324308	1
1038	0.00023241	0.0018473	0.0000637	0.000188773	0.000320778	1
1039	0.00022752	0.001830122	0.0000637	0.000184144	0.000317157	1
1040	0.00022287	0.0018138	0.0000637	0.000181289	0.000313561	1
1041	0.000218196	0.001796313	0.0000637	0.000177732	0.000310142	1
1042	0.00021375	0.0017797	0.0000637	0.000173979	0.000306817	1
1043	0.000209273	0.001761942	0.0000637	0.000170893	0.000303537	1
1044	0.00020501	0.001745	0.00006279	0.000167658	0.00030023	1
1045	0.00020072	0.001726887	0.00006279	0.000164584	0.000296816	1
1046	0.00019664	0.0017096	0.00006188	0.000161475	0.00029288	1
1047	0.000192535	0.001691247	0.00006097	0.000158482	0.000288874	1
1048	0.00018863	0.0016737	0.00006097	0.000155097	0.000284906	1
1049	0.000184699	0.001655021	0.00006006	0.00015299	0.000281078	1
1050	0.00018096	0.0016371	0.00005915	0.000149893	0.000277459	1
1051	0.000177198	0.001618117	0.00005824	0.000147614	0.000274304	1
1052	0.00017362	0.0015999	0.00005733	0.000146014	0.000271267	1
1053	0.000170018	0.001580632	0.00005733	0.000143607	0.000268201	1
1054	0.00016659	0.0015621	0.00005642	0.000141708	0.000264957	1
1055	0.000163136	0.001542538	0.00005642	0.000140695	0.000261418	1
1056	0.00015985	0.0015237	0.00005278	0.000139175	0.000257065	1
1057	0.000156543	0.001503864	0.00005005	0.000137782	0.00025254	1
1058	0.0001534	0.0014847	0.00004914	0.000135272	0.000248067	1
1059	0.000150238	0.001464511	0.00004732	0.000134409	0.000243873	1
1060	0.00014723	0.001445	0.00004641	0.000133683	0.000242285	1
1061	0.000144197	0.001424572	0.0000455	0.00013191	0.000238982	1
1062	0.00014131	0.0014048	0.00004459	0.000131692	0.000235725	1
1063	0.000138405	0.001384049	0.00004459	0.000130137	0.000232511	1
1064	0.00013564	0.0013639	0.00004368	0.000129435	0.000229342	1
1065	0.000132852	0.001342841	0.00004277	0.000129147	0.000226216	1
1066	0.0001302	0.0013224	0.00004186	0.000128986	0.000223133	1
1067	0.000127534	0.001301072	0.00004095	0.000128537	0.000220091	1
1068	0.000125	0.0012803	0.00004004	0.000128491	0.000217091	1
1069	0.000122444	0.001258619	0.00004004	0.000128307	0.000214132	1
1070	0.00012001	0.0012375	0.00003913	0.000128053	0.000211213	1
1071	0.00011756	0.001215581	0.00003822	0.000128019	0.000208334	1
1072	0.00011523	0.0011942	0.00003822	0.000127881	0.000205494	1
1073	0.000112883	0.001171958	0.00003731	0.00012879	0.000202693	1
1074	0.00011065	0.0011502	0.0000364	0.000129389	0.000199931	1
1075	0.0001084	0.001127656	0.00003549	0.000129562	0.000197205	1
1076	0.00010626	0.0011056	0.00003549	0.000130379	0.000194517	1
1077	0.000104103	0.00108277	0.00003458	0.000131381	0.000191866	1
1078	0.00010205	0.0010604	0.00003367	0.000131968	0.000189251	1
1079	1.00E-04	0.001037293	0.00003276	0.0001332	0.000186671	1
1080	9.80E-05	0.0010146	0.00003276	0.000133499	0.000184126	1
1081	9.60E-05	0.000991157	0.00003185	0.000135652	0.000181617	1
1082	9.41E-05	0.00096811	0.00003094	0.000137011	0.000179141	1
1083	9.22E-05	0.000944387	0.00003003	0.000137759	0.000176699	1
1084	9.04E-05	0.00092105	0.00002912	0.000139762	0.000174291	1
1085	8.86E-05	0.000897037	0.00002912	0.000141236	0.000171915	1
1086	8.69E-05	0.00087337	0.00002821	0.000143308	0.000169572	1
1087	8.51E-05	0.000849065	0.0000273	0.000145668	0.00016726	1
1088	8.35E-05	0.00082508	0.00002639	0.000147453	0.00016498	1
1089	8.18E-05	0.000800475	0.00002548	0.000149755	0.000162732	1
1090	8.02E-05	0.00077616	0.00002548	0.00015268	0.000160513	1
1091	7.86E-05	0.000751261	0.00002457	0.000154706	0.000158326	1
1092	7.71E-05	0.00072663	0.00002366	0.00015816	0.000156167	1
1093	7.55E-05	0.000701443	0.00002275	0.000160785	0.000154039	1
1094	7.40E-05	0.00067649	0.00002184	0.000162799	0.000151939	1
1095	7.26E-05	0.000650997	0.00002184	0.000165966	0.000149868	1
1096	7.12E-05	0.00062572	0.00002093	0.000169132	0.000147825	1
1097	6.97E-05	0.000599947	0.00002002	0.00017148	0.00014581	1
1098	6.84E-05	0.00057434	0.00002002	0.000174784	0.000143823	1
1099	6.70E-05	0.000548237	0.00001911	0.000176304	0.000141862	1
1100	6.57E-05	0.00052234	0.00001911	0.000177594	0.000139929	1
