<<<<<<< HEAD
lambda[nm]	Hb[cm-1/uM]	HbO2[cm-1/uM]	Lip[cm-1/mg]	H2O_37[cm-1/mg]	Collagene_dens_1g/cm3[cm-1/mg]	Bkg[cm-1]		
600.0000000000000000	0.0337959999999621	0.0073682999999906	0.0000060851700000	0.0000020262748818	0.0004808469438272	1.0000000000000000		
601.0000000000000000	0.0323363377806035	0.0065889912925234	0.0000058846437224	0.0000022795592421	0.0004775349925585	1.0000000000000000		
602.0000000000000000	0.0313669999999659	0.0061340999999904	0.0000057025639607	0.0000024407401986	0.0004742513025536	1.0000000000000000		
603.0000000000000000	0.0302184527933439	0.0055368112446171	0.0000055545638141	0.0000024177143476	0.0004709955863093	1.0000000000000000		
604.0000000000000000	0.0289379999999735	0.0048998999999939	0.0000054509127739	0.0000024177143476	0.0004677675597174	1.0000000000000000		
605.0000000000000000	0.0276889252189755	0.0044202358329707	0.0000053947530000	0.0000024867919004	0.0004645669420188	1.0000000000000000		
606.0000000000000000	0.0265099999999758	0.0041197999999946	0.0000054044191110	0.0000024867919004	0.0004613934557583	1.0000000000000000		
607.0000000000000000	0.0253173721411702	0.0039292111308449	0.0000054369670548	0.0000024867919004	0.0004582468267409	1.0000000000000000		
608.0000000000000000	0.0241259999999772	0.0037936999999957	0.0000054683875278	0.0000025788953042	0.0004551267839878	1.0000000000000000		
609.0000000000000000	0.0228897215181415	0.0036379081315657	0.0000054751247984	0.0000025328436023	0.0004520330596936	1.0000000000000000		
610.0000000000000000	0.0217449999999793	0.0034676999999968	0.0000054384330000	0.0000026940245588	0.0004489653891840	1.0000000000000000		
611.0000000000000000	0.0207422837150532	0.0033019085686035	0.0000053076332600	0.0000027861279625	0.0004459235108741	1.0000000000000000		
612.0000000000000000	0.0197819999999794	0.0031415999999970	0.0000051374737724	0.0000028091538135	0.0004429071662276	1.0000000000000000		
613.0000000000000000	0.0187487039566109	0.0029738893968907	0.0000049501720301	0.0000029012572172	0.0004399160997158	1.0000000000000000		
614.0000000000000000	0.0178729999999819	0.0028155999999972	0.0000047715789727	0.0000026940245588	0.0004369500587787	1.0000000000000000		
615.0000000000000000	0.0173049790438700	0.0026738417247102	0.0000046264400000	0.0000029473089190	0.0004340087937846	1.0000000000000000		
616.0000000000000000	0.0169119999999828	0.0025558999999974	0.0000045666790442	0.0000028091538135	0.0004310920579925	1.0000000000000000		
617.0000000000000000	0.0164560757642755	0.0024546576762019	0.0000045581833399	0.0000031084898755	0.0004281996075135	1.0000000000000000		
618.0000000000000000	0.0159499999999850	0.0023624999999977	0.0000045915114752	0.0000030624381737	0.0004253312012731	1.0000000000000000		
619.0000000000000000	0.0154409024751736	0.0022661024315843	0.0000046511658794	0.0000030163864718	0.0004224866009750	1.0000000000000000		
620.0000000000000000	0.0149889999999858	0.0021689999999980	0.0000047186230000	0.0000029012572172	0.0004196655710636	1.0000000000000000		
621.0000000000000000	0.0145944563075433	0.0020720278785987	0.0000047555262503	0.0000029703347700	0.0004202269163805	1.0000000000000000		
622.0000000000000000	0.0142599999999864	0.0019755999999981	0.0000047746069732	0.0000029473089190	0.0004177497938825	1.0000000000000000		
623.0000000000000000	0.0139282054499420	0.0018760149856442	0.0000047723794914	0.0000031084898755	0.0004152025992323	1.0000000000000000		
624.0000000000000000	0.0136009999999873	0.0017821999999982	0.0000047496643296	0.0000029242830681	0.0004126496908717	1.0000000000000000		
625.0000000000000000	0.0132631942653578	0.0016984598752877	0.0000047110700000	0.0000030624381737	0.0004101734693874	1.0000000000000000		
626.0000000000000000	0.0129409999999879	0.0016292999999984	0.0000046585102317	0.0000029012572172	0.0004077254578705	1.0000000000000000		
627.0000000000000000	0.0126318588201168	0.0015702879220866	0.0000046078705040	0.0000028782313662	0.0004055575803267	1.0000000000000000		
628.0000000000000000	0.0123579999999884	0.0015168999999985	0.0000045692176179	0.0000028552055153	0.0004037538796523	1.0000000000000000		
629.0000000000000000	0.0120987093179022	0.0014608733696670	0.0000045500876305	0.0000031545415774	0.0004023454213583	1.0000000000000000		
630.0000000000000000	0.0118559999999889	0.0014045999999987	0.0000045539130000	0.0000030394123228	0.0004013010204078	1.0000000000000000		
631.0000000000000000	0.0116041195548822	0.0013484276369627	0.0000046007164613	0.0000031084898755	0.0004005045547077	1.0000000000000000		
632.0000000000000000	0.0113539999999892	0.0012921999999988	0.0000046549557838	0.0000027170504097	0.0003998459785243	1.0000000000000000		
633.0000000000000000	0.0111024842177957	0.0012335999826005	0.0000047000789747	0.0000029012572172	0.0003991551901436	1.0000000000000000		
634.0000000000000000	0.0108929999999897	0.0011797999999988	0.0000047203487202	0.0000029242830681	0.0003982520637521	1.0000000000000000		
635.0000000000000000	0.0107291459933959	0.0011349419971124	0.0000047040630000	0.0000026249470060	0.0003969744897956	1.0000000000000000		
636.0000000000000000	0.0105969999999900	0.0011024999999989	0.0000046082047550	0.0000028321796644	0.0003949112416302	1.0000000000000000		
637.0000000000000000	0.0104500532146926	0.0010789714288393	0.0000044868833148	0.0000027400762607	0.0003924100389189	1.0000000000000000		
638.0000000000000000	0.0103009999999906	0.0010600999999990	0.0000043613557240	0.0000029933606209	0.0003895769129717	1.0000000000000000		
639.0000000000000000	0.0101488857253326	0.0010392079570994	0.0000042538462283	0.0000029933606209	0.0003865534443331	1.0000000000000000		
640.0000000000000000	0.0100049999999909	0.0010176999999991	0.0000041832700000	0.0000031545415774	0.0003834948979588	1.0000000000000000		
641.0000000000000000	0.0098544797278182	0.0009961775249467	0.0000042027111840	0.0000028552055153	0.0003804845412672	1.0000000000000000		
642.0000000000000000	0.0097094999999911	0.0009753799999991	0.0000042590718811	0.0000027861279625	0.0003777270162436	1.0000000000000000		
643.0000000000000000	0.0095589893734704	0.0009534490428238	0.0000043334903016	0.0000032236191302	0.0003753160765912	1.0000000000000000		
644.0000000000000000	0.0094138999999913	0.0009330099999991	0.0000044040080584	0.0000029703347700	0.0003732849190096	1.0000000000000000		
645.0000000000000000	0.0092652155762266	0.0009143150288380	0.0000044499000000	0.0000031545415774	0.0003716020408160	1.0000000000000000		
646.0000000000000000	0.0091298999999916	0.0008989299999992	0.0000044115856940	0.0000029933606209	0.0003700769858331	1.0000000000000000		
647.0000000000000000	0.0090008841520724	0.0008853023912386	0.0000043413188057	0.0000032005932793	0.0003687069663082	1.0000000000000000		
648.0000000000000000	0.0088824999999919	0.0008731399999992	0.0000042532034274	0.0000032005932793	0.0003673520369712	1.0000000000000000		
649.0000000000000000	0.0087571495866642	0.0008601476079842	0.0000041640057020	0.0000031315157265	0.0003658527748446	1.0000000000000000		
650.0000000000000000	0.0086349999999921	0.0008473499999992	0.0000040893580000	0.0000032005932793	0.0003640510204078	1.0000000000000000		
651.0000000000000000	0.0085085911393329	0.0008341982269913	0.0000040777065037	0.0000032236191302	0.0003616559926753	1.0000000000000000		
652.0000000000000000	0.0083874999999924	0.0008215599999992	0.0000040823135167	0.0000033387483848	0.0003587873258008	1.0000000000000000		
653.0000000000000000	0.0082611962904962	0.0008082718022464	0.0000040887030951	0.0000033157225339	0.0003554522427941	1.0000000000000000		
654.0000000000000000	0.0081399999999926	0.0007957699999993	0.0000040801467766	0.0000033848000867	0.0003517011673300	1.0000000000000000		
655.0000000000000000	0.0080146929241386	0.0007834776568565	0.0000040411280000	0.0000032466449811	0.0003476224489793	1.0000000000000000		
656.0000000000000000	0.0078924999999928	0.0007718299999993	0.0000039275546686	0.0000033157225339	0.0003431637913963	1.0000000000000000		
657.0000000000000000	0.0077643115800168	0.0007597794858979	0.0000037800552098	0.0000032696708321	0.0003386908269984	1.0000000000000000		
658.0000000000000000	0.0076449999999930	0.0007497199999993	0.0000036115956274	0.0000036611102979	0.0003343910043279	1.0000000000000000		
659.0000000000000000	0.0075309502589056	0.0007418656832877	0.0000034382703196	0.0000035229551923	0.0003304181411122	1.0000000000000000		
660.0000000000000000	0.0074293999999932	0.0007359099999993	0.0000032764550000	0.0000038222912544	0.0003268724489793	1.0000000000000000		
661.0000000000000000	0.0073274417354753	0.0007293660465713	0.0000031624387428	0.0000038222912544	0.0003237983993562	1.0000000000000000		
662.0000000000000000	0.0072307999999934	0.0007230099999993	0.0000030749770713	0.0000037532137016	0.0003211513702424	1.0000000000000000		
663.0000000000000000	0.0071296180274432	0.0007163650192954	0.0000030110107484	0.0000037762395525	0.0003188355086514	1.0000000000000000		
664.0000000000000000	0.0070319999999936	0.0007101199999994	0.0000029643440246	0.0000036611102979	0.0003167129113638	1.0000000000000000		
665.0000000000000000	0.0069305486395980	0.0007033579546619	0.0000029272880000	0.0000037762395525	0.0003146275510201	1.0000000000000000		
666.0000000000000000	0.0068332999999938	0.0006972199999994	0.0000028755856772	0.0000037762395525	0.0003122057720308	1.0000000000000000		
667.0000000000000000	0.0067320186212605	0.0006911949599818	0.0000028264443460	0.0000037762395525	0.0003096391516681	1.0000000000000000		
668.0000000000000000	0.0066346999999940	0.0006861699999994	0.0000027816485855	0.0000037071619997	0.0003069248353315	1.0000000000000000		
669.0000000000000000	0.0065336934788078	0.0006812291433158	0.0000027438476291	0.0000038453171053	0.0003040896659050	1.0000000000000000		
670.0000000000000000	0.0064359999999941	0.0006769599999994	0.0000027157130000	0.0000038222912544	0.0003011836734691	1.0000000000000000		
671.0000000000000000	0.0063343324764271	0.0006723124228528	0.0000027060020994	0.0000037301878507	0.0002981992985109	1.0000000000000000		
672.0000000000000000	0.0062372999999943	0.0006677499999994	0.0000027056595644	0.0000038683429562	0.0002953051864101	1.0000000000000000		
673.0000000000000000	0.0061395933231660	0.0006624365644029	0.0000027112711500	0.0000039374205090	0.0002925887371681	1.0000000000000000		
674.0000000000000000	0.0060503999999944	0.0006576199999994	0.0000027185072753	0.0000040986014655	0.0002901160815522	1.0000000000000000		
675.0000000000000000	0.0059631257478577	0.0006530286942266	0.0000027227200000	0.0000038222912544	0.0002879234693875	1.0000000000000000		
676.0000000000000000	0.0058816999999946	0.0006493299999994	0.0000027180267450	0.0000038222912544	0.0002858930024521	1.0000000000000000		
677.0000000000000000	0.0057961530240338	0.0006455881714064	0.0000027034079064	0.0000039374205090	0.0002841571381789	1.0000000000000000		
678.0000000000000000	0.0057130999999948	0.0006428799999994	0.0000026775693677	0.0000039604463599	0.0002826895642257	1.0000000000000000		
679.0000000000000000	0.0056270405601163	0.0006406620233234	0.0000026409079748	0.0000039604463599	0.0002814269378143	1.0000000000000000		
680.0000000000000000	0.0055443999999950	0.0006391999999994	0.0000025955930000	0.0000040755756146	0.0002802755102038	1.0000000000000000		
681.0000000000000000	0.0054585291521017	0.0006371840612384	0.0000025383379001	0.0000042137307202	0.0002791231695561	1.0000000000000000		
682.0000000000000000	0.0053757999999951	0.0006355099999994	0.0000024836434357	0.0000043749116767	0.0002778570762994	1.0000000000000000		
683.0000000000000000	0.0052899084557667	0.0006336614771321	0.0000024390006031	0.0000042137307202	0.0002763761753850	1.0000000000000000		
684.0000000000000000	0.0052072999999953	0.0006318299999994	0.0000024106426813	0.0000041676790183	0.0002746113924456	1.0000000000000000		
685.0000000000000000	0.0051219359729459	0.0006291932140368	0.0000024024000000	0.0000043288599748	0.0002725408163263	1.0000000000000000		
686.0000000000000000	0.0050385999999954	0.0006281499999994	0.0000024220858397	0.0000044439892295	0.0002698434222320	1.0000000000000000		
687.0000000000000000	0.0049516081873942	0.0006291932140368	0.0000024570248416	0.0000046051701860	0.0002670892935042	1.0000000000000000		
688.0000000000000000	0.0048699999999955	0.0006318299999994	0.0000024989544390	0.0000046972735897	0.0002645128424235	1.0000000000000000		
689.0000000000000000	0.0047918343848683	0.0006336614771321	0.0000025380462444	0.0000048814803971	0.0002623249464089	1.0000000000000000		
690.0000000000000000	0.0047247999999956	0.0006355099999994	0.0000025643800000	0.0000047202994406	0.0002606734693875	1.0000000000000000		
691.0000000000000000	0.0046625905488958	0.0006371778259257	0.0000025642868623	0.0000050656872046	0.0002598701410465	1.0000000000000000		
692.0000000000000000	0.0046062999999958	0.0006391999999994	0.0000025390398305	0.0000051808164592	0.0002595184613209	1.0000000000000000		
693.0000000000000000	0.0045463018676580	0.0006406983244757	0.0000024879047111	0.0000051577906083	0.0002593942108518	1.0000000000000000		
694.0000000000000000	0.0044877999999959	0.0006428799999994	0.0000024135298595	0.0000052498940120	0.0002592286932253	1.0000000000000000		
695.0000000000000000	0.0044271183268189	0.0006454569259605	0.0000023216830000	0.0000054801525213	0.0002587551020406	1.0000000000000000		
696.0000000000000000	0.0043692999999960	0.0006493299999994	0.0000022153835471	0.0000058025144343	0.0002573550849379	1.0000000000000000		
697.0000000000000000	0.0043088090070191	0.0006535897436784	0.0000021113575711	0.0000059176436890	0.0002554365338331	1.0000000000000000		
698.0000000000000000	0.0042507999999961	0.0006585399999994	0.0000020211549244	0.0000059867212418	0.0002530825611923	1.0000000000000000		
699.0000000000000000	0.0041903205195579	0.0006629976138547	0.0000019546396923	0.0000064011865585	0.0002504331271968	1.0000000000000000		
700.0000000000000000	0.0041314999999962	0.0006677499999994	0.0000019185530000	0.0000065623675150	0.0002476581632651	1.0000000000000000		
701.0000000000000000	0.0040692159092206	0.0006721811774068	0.0000019270480781	0.0000064472382604	0.0002449893573055	1.0000000000000000		
702.0000000000000000	0.0040087999999964	0.0006769599999994	0.0000019626750793	0.0000065163158132	0.0002424882328166	1.0000000000000000		
703.0000000000000000	0.0039463169524062	0.0006812654444681	0.0000020160889031	0.0000068156518753	0.0002402373301355	1.0000000000000000		
704.0000000000000000	0.0038861999999965	0.0006861699999994	0.0000020762655336	0.0000069307811299	0.0002382692919998	1.0000000000000000		
705.0000000000000000	0.0038238199224280	0.0006911887246690	0.0000021324030000	0.0000070228845336	0.0002365663265304	1.0000000000000000		
706.0000000000000000	0.0037634999999965	0.0006972199999994	0.0000021545075208	0.0000072531430429	0.0002350232177907	1.0000000000000000		
707.0000000000000000	0.0037018110241015	0.0007033641899747	0.0000021656115508	0.0000077827376143	0.0002336104190813	1.0000000000000000		
708.0000000000000000	0.0036461999999966	0.0007101199999994	0.0000021699606005	0.0000079208927199	0.0002322348716270	1.0000000000000000		
709.0000000000000000	0.0035942537306071	0.0007163786684200	0.0000021726564753	0.0000079899702727	0.0002308033440050	1.0000000000000000		
710.0000000000000000	0.0035470999999967	0.0007230099999993	0.0000021780850000	0.0000084044355894	0.0002292397959181	1.0000000000000000		
711.0000000000000000	0.0034969452321979	0.0007292938503745	0.0000022141111807	0.0000089340301608	0.0002272366756211	1.0000000000000000		
712.0000000000000000	0.0034478999999969	0.0007359099999993	0.0000022460099655	0.0000090952111173	0.0002251463655368	1.0000000000000000		
713.0000000000000000	0.0033972439399499	0.0007419847257048	0.0000022638206426	0.0000095557281359	0.0002230803524210	1.0000000000000000		
714.0000000000000000	0.0033487999999970	0.0007487999999993	0.0000022594043462	0.0000100162451545	0.0002211490154134	1.0000000000000000		
715.0000000000000000	0.0032983328621723	0.0007559506534935	0.0000022288630000	0.0000105228138750	0.0002194387755100	1.0000000000000000		
716.0000000000000000	0.0032496999999970	0.0007644599999993	0.0000021411048081	0.0000109372791917	0.0002181395530525	1.0000000000000000		
717.0000000000000000	0.0031992161744583	0.0007732908652904	0.0000020499350805	0.0000113747703594	0.0002170478332234	1.0000000000000000		
718.0000000000000000	0.0031505999999971	0.0007828799999993	0.0000019796524411	0.0000120194941854	0.0002160646723571	1.0000000000000000		
719.0000000000000000	0.0031004767640589	0.0007919123648584	0.0000019542615511	0.0000127102697133	0.0002150704069320	1.0000000000000000		
720.0000000000000000	0.0030529999999972	0.0008012999999993	0.0000019933550000	0.0000129175023717	0.0002139489795916	1.0000000000000000		
721.0000000000000000	0.0030051274024434	0.0008102794919626	0.0000021371737321	0.0000136313037505	0.0002123545420523	1.0000000000000000		
722.0000000000000000	0.0029591999999973	0.0008197199999993	0.0000023483862112	0.0000143220792784	0.0002105956668826	1.0000000000000000		
723.0000000000000000	0.0029109533756815	0.0008286422668697	0.0000026096211387	0.0000149898289554	0.0002087599274985	1.0000000000000000		
724.0000000000000000	0.0028653999999974	0.0008381399999992	0.0000028976101208	0.0000153352167193	0.0002069580926277	1.0000000000000000		
725.0000000000000000	0.0028188726742928	0.0008474143186858	0.0000031868200000	0.0000162792766075	0.0002053061224488	1.0000000000000000		
726.0000000000000000	0.0027715999999975	0.0008574799999992	0.0000034279094752	0.0000170161038372	0.0002038907797886	1.0000000000000000		
727.0000000000000000	0.0027171585453685	0.0008673159943500	0.0000036361906663	0.0000180062154272	0.0002028072280625	1.0000000000000000		
728.0000000000000000	0.0026543999999974	0.0008777499999992	0.0000038070143599	0.0000188811977626	0.0002020942285956	1.0000000000000000		
729.0000000000000000	0.0025849624861342	0.0008876099943686	0.0000039408800085	0.0000198252576507	0.0002017423634807	1.0000000000000000		
730.0000000000000000	0.0025378999999975	0.0008980099999992	0.0000040424930000	0.0000209765501972	0.0002016938775508	1.0000000000000000		
731.0000000000000000	0.0025275515450088	0.0009079822469890	0.0000041322008905	0.0000223120495511	0.0002018526288176	1.0000000000000000		
732.0000000000000000	0.0025378999999975	0.0009182699999992	0.0000042018630655	0.0000236014972032	0.0002020880001630	1.0000000000000000		
733.0000000000000000	0.0025399661755804	0.0009278154177419	0.0000042575695347	0.0000250290999608	0.0002022590327419	1.0000000000000000		
734.0000000000000000	0.0025378999999977	0.0009385299999991	0.0000043066475826	0.0000261803925073	0.0002022334947649	1.0000000000000000		
735.0000000000000000	0.0025366682084505	0.0009502273716088	0.0000043575350000	0.0000272165557992	0.0002019081632651	1.0000000000000000		
736.0000000000000000	0.0025368999999976	0.0009643199999991	0.0000044055719289	0.0000280915381345	0.0002009769058252	1.0000000000000000		
737.0000000000000000	0.0025333992582500	0.0009793761096095	0.0000044794270394	0.0000287823136624	0.0001997733444546	1.0000000000000000		
738.0000000000000000	0.0025338999999975	0.0009956399999991	0.0000045926573008	0.0000293349340847	0.0001984200443063	1.0000000000000000		
739.0000000000000000	0.0025415646965256	0.0010111290968432	0.0000047559045390	0.0000297033476996	0.0001970528876193	1.0000000000000000		
740.0000000000000000	0.0025693999999975	0.0010269999999991	0.0000049754250000	0.0000302559681219	0.0001957959183672	1.0000000000000000		
741.0000000000000000	0.0026171395229196	0.0010423573363019	0.0000052625606819	0.0000301638647182	0.0001948611906569	1.0000000000000000		
742.0000000000000000	0.0026747999999974	0.0010582999999990	0.0000055984831067	0.0000302789939729	0.0001941259772660	1.0000000000000000		
743.0000000000000000	0.0027261633834433	0.0010735421862980	0.0000059705186289	0.0000303941232275	0.0001935443149346	1.0000000000000000		
744.0000000000000000	0.0027800999999974	0.0010895999999990	0.0000063635307126	0.0000305092524822	0.0001930371983445	1.0000000000000000		
745.0000000000000000	0.0028419077571834	0.0011055263495110	0.0000067620280000	0.0000302099164201	0.0001925102040815	1.0000000000000000		
746.0000000000000000	0.0029151999999972	0.0011226999999990	0.0000071449690946	0.0000301868905692	0.0001916752689408	1.0000000000000000		
747.0000000000000000	0.0029934724459637	0.0011397642686913	0.0000075117937808	0.0000301178130164	0.0001907337760037	1.0000000000000000		
748.0000000000000000	0.0030698999999970	0.0011576999999989	0.0000078584661867	0.0000300257096126	0.0001897081123921	1.0000000000000000		
749.0000000000000000	0.0031390355399450	0.0011749288980894	0.0000081847048709	0.0000302099164201	0.0001886356232086	1.0000000000000000		
750.0000000000000000	0.0032356999999972	0.0011926999999989	0.0000084933030000	0.0000298415028052	0.0001875612244896	1.0000000000000000		
751.0000000000000000	0.0033703148099975	0.0012097772076688	0.0000087805687726	0.0000300717613145	0.0001865072661560	1.0000000000000000		
752.0000000000000000	0.0034891999999970	0.0012276999999989	0.0000090627567577	0.0000300717613145	0.0001855401773669	1.0000000000000000		
753.0000000000000000	0.0035375599596211	0.0012450519170887	0.0000093460197874	0.0000300947871654	0.0001846898034696	1.0000000000000000		
754.0000000000000000	0.0035499999999972	0.0012626999999989	0.0000096323948884	0.0000300257096126	0.0001839660589189	1.0000000000000000		
755.0000000000000000	0.0035697922241228	0.0012786604390890	0.0000099180900000	0.0000298645286561	0.0001833571428570	1.0000000000000000		
756.0000000000000000	0.0035930999999969	0.0012940999999988	0.0000102127467216	0.0000296572959978	0.0001827731465895	1.0000000000000000		
757.0000000000000000	0.0035973250084749	0.0013077554942690	0.0000104723792609	0.0000298415028052	0.0001822453843973	1.0000000000000000		
758.0000000000000000	0.0035930999999970	0.0013216999999988	0.0000106695065939	0.0000296803218487	0.0001817332593064	1.0000000000000000		
759.0000000000000000	0.0035845810791324	0.0013350391644187	0.0000107769224325	0.0000294270374885	0.0001811873677153	1.0000000000000000		
760.0000000000000000	0.0035655999999970	0.0013492999999988	0.0000107716700000	0.0000293579599357	0.0001805561224488	1.0000000000000000		
761.0000000000000000	0.0035251687619420	0.0013627621447155	0.0000106124796642	0.0000294040116375	0.0001797466785831	1.0000000000000000		
762.0000000000000000	0.0034732999999970	0.0013768999999987	0.0000103297871692	0.0000290355980227	0.0001787905559813	1.0000000000000000		
763.0000000000000000	0.0034163309653418	0.0013902576426970	0.0000099372507064	0.0000288283653643	0.0001776874470939	1.0000000000000000		
764.0000000000000000	0.0033607999999970	0.0014045999999987	0.0000094557925511	0.0000288053395134	0.0001764547085046	1.0000000000000000		
765.0000000000000000	0.0033033210560102	0.0014185873387160	0.0000089107200000	0.0000286671844078	0.0001751275510202	1.0000000000000000		
766.0000000000000000	0.0032477999999970	0.0014339999999987	0.0000083481678798	0.0000287592878115	0.0001735939763832	1.0000000000000000		
767.0000000000000000	0.0031904999567677	0.0014491734292694	0.0000077664459127	0.0000285290293022	0.0001721364580203	1.0000000000000000		
768.0000000000000000	0.0031345999999972	0.0014653999999987	0.0000071810404596	0.0000282527190910	0.0001708671672159	1.0000000000000000		
769.0000000000000000	0.0030768245803660	0.0014807047127279	0.0000066047422315	0.0000280224605817	0.0001698708095725	1.0000000000000000		
770.0000000000000000	0.0030206999999973	0.0014966999999986	0.0000060478600000	0.0000280454864327	0.0001691887755101	1.0000000000000000		
771.0000000000000000	0.0029629370559748	0.0015118345021133	0.0000054995823213	0.0000278152279234	0.0001689420274429	1.0000000000000000		
772.0000000000000000	0.0029068999999974	0.0015279999999986	0.0000049923382056	0.0000276540469669	0.0001688892977670	1.0000000000000000		
773.0000000000000000	0.0028490427382531	0.0015434324157929	0.0000045366330470	0.0000272856333520	0.0001688859478556	1.0000000000000000		
774.0000000000000000	0.0027929999999975	0.0015592999999986	0.0000041389848281	0.0000272395816501	0.0001687787170866	1.0000000000000000		
775.0000000000000000	0.0027357501363434	0.0015732653797406	0.0000038010700000	0.0000274237884576	0.0001684336734692	1.0000000000000000		
776.0000000000000000	0.0026791999999975	0.0015868999999986	0.0000035389347749	0.0000269402455880	0.0001674693977715	1.0000000000000000		
777.0000000000000000	0.0026203612255812	0.0015986661053449	0.0000033180868180	0.0000265718319732	0.0001662533097750	1.0000000000000000		
778.0000000000000000	0.0025668999999976	0.0016108999999985	0.0000031213230015	0.0000264567027185	0.0001649066683770	1.0000000000000000		
779.0000000000000000	0.0025190970055194	0.0016223383590610	0.0000029323858240	0.0000264797285694	0.0001635732848820	1.0000000000000000		
780.0000000000000000	0.0024762999999977	0.0016347999999985	0.0000027389180000	0.0000262955217620	0.0001623928571427	1.0000000000000000		
781.0000000000000000	0.0024308161180890	0.0016463048950065	0.0000025056427644	0.0000259501339980	0.0001616125668655	1.0000000000000000		
782.0000000000000000	0.0023856999999978	0.0016587999999985	0.0000022732117641	0.0000257429013397	0.0001611101817118	1.0000000000000000		
783.0000000000000000	0.0023396949282364	0.0016704427429083	0.0000020582461689	0.0000257198754887	0.0001608531290668	1.0000000000000000		
784.0000000000000000	0.0022949999999979	0.0016826999999985	0.0000018791797129	0.0000253054101720	0.0001607700165361	1.0000000000000000		
785.0000000000000000	0.0022485923092790	0.0016932833026537	0.0000017526600000	0.0000250290999608	0.0001607653061223	1.0000000000000000		
786.0000000000000000	0.0022043999999980	0.0017038999999985	0.0000017155560645	0.0000246837121969	0.0001605518538665	1.0000000000000000		
787.0000000000000000	0.0021612301576025	0.0017127704401668	0.0000017378922832	0.0000242922727311	0.0001602901018520	1.0000000000000000		
788.0000000000000000	0.0021224999999980	0.0017222999999984	0.0000018084318341	0.0000244304278367	0.0001599651754785	1.0000000000000000		
789.0000000000000000	0.0020854597884625	0.0017309055314342	0.0000019113920718	0.0000242462210292	0.0001595709767700	1.0000000000000000		
790.0000000000000000	0.0020510999999981	0.0017407999999984	0.0000020291180000	0.0000238547815634	0.0001591071428570	1.0000000000000000		
791.0000000000000000	0.0020153189882668	0.0017498192304809	0.0000021209615364	0.0000235784713523	0.0001586031550722	1.0000000000000000		
792.0000000000000000	0.0019797999999982	0.0017591999999984	0.0000022062268223	0.0000235324196504	0.0001580262876610	1.0000000000000000		
793.0000000000000000	0.0019428040462338	0.0017672166229531	0.0000022834503208	0.0000233021611411	0.0001573733876987	1.0000000000000000		
794.0000000000000000	0.0019083999999982	0.0017775999999983	0.0000023538244456	0.0000231409801846	0.0001566467280890	1.0000000000000000		
795.0000000000000000	0.0018760481413810	0.0017904594093821	0.0000024201450000	0.0000226344114641	0.0001558571428570	1.0000000000000000		
796.0000000000000000	0.0018488999999983	0.0018107999999983	0.0000024947089748	0.0000224271788058	0.0001548921307270	1.0000000000000000		
797.0000000000000000	0.0018239875374241	0.0018358995759828	0.0000025678394273	0.0000223120495511	0.0001539668482182	1.0000000000000000		
798.0000000000000000	0.0018014999999983	0.0018585999999983	0.0000026384026948	0.0000221969202965	0.0001531614798164	1.0000000000000000		
799.0000000000000000	0.0017775613047055	0.0018699623994235	0.0000027049094385	0.0000218975842344	0.0001525428184200	1.0000000000000000		
800.0000000000000000	0.0017538999999983	0.0018788999999983	0.0000027659450000	0.0000220127134890	0.0001521530612243	1.0000000000000000		
801.0000000000000000	0.0017300780207307	0.0018914395850189	0.0000028145999912	0.0000218975842344	0.0001520308798631	1.0000000000000000		
802.0000000000000000	0.0017127999999984	0.0019064999999983	0.0000028593508168	0.0000215521964704	0.0001521124054676	1.0000000000000000		
803.0000000000000000	0.0017025529094252	0.0019166575694930	0.0000029034279888	0.0000216212740232	0.0001523317376741	1.0000000000000000		
804.0000000000000000	0.0016971999999984	0.0019249999999982	0.0000029506867510	0.0000215291706195	0.0001526017130452	1.0000000000000000		
805.0000000000000000	0.0016894759528567	0.0019323634711399	0.0000030052750000	0.0000214600930667	0.0001528265306121	1.0000000000000000		
806.0000000000000000	0.0016814999999985	0.0019433999999982	0.0000030670269206	0.0000213679896630	0.0001527951299068	1.0000000000000000		
807.0000000000000000	0.0016731095400177	0.0019567085736895	0.0000031451841507	0.0000212528604083	0.0001525983648343	1.0000000000000000		
808.0000000000000000	0.0016659999999985	0.0019709999999982	0.0000032436931442	0.0000213910155139	0.0001522245667228	1.0000000000000000		
809.0000000000000000	0.0016577904049825	0.0019806533883902	0.0000033647381897	0.0000215982481723	0.0001516787948379	1.0000000000000000		
810.0000000000000000	0.0016510999999985	0.0019893999999982	0.0000035083230000	0.0000216903515760	0.0001509795918366	1.0000000000000000		
811.0000000000000000	0.0016444093577401	0.0019976253801852	0.0000036817985332	0.0000219206100853	0.0001501316842800	1.0000000000000000		
812.0000000000000000	0.0016390999999985	0.0020078999999982	0.0000038678245009	0.0000220587651909	0.0001492001019192	1.0000000000000000		
813.0000000000000000	0.0016326362525306	0.0020171806758057	0.0000040578642453	0.0000223120495511	0.0001482270048243	1.0000000000000000		
814.0000000000000000	0.0016269999999985	0.0020262999999981	0.0000042440952970	0.0000221969202965	0.0001472503487836	1.0000000000000000		
815.0000000000000000	0.0016205471151105	0.0020327884168687	0.0000044207800000	0.0000226574373151	0.0001463010204080	1.0000000000000000		
816.0000000000000000	0.0016147999999985	0.0020428999999981	0.0000045622224825	0.0000229107216753	0.0001453578843157	1.0000000000000000		
817.0000000000000000	0.0016079032794047	0.0020574224278093	0.0000047000969825	0.0000232791352902	0.0001444954402226	1.0000000000000000		
818.0000000000000000	0.0016027999999985	0.0020759999999981	0.0000048444573383	0.0000235093937995	0.0001437340518876	1.0000000000000000		
819.0000000000000000	0.0015986701176681	0.0020924941488028	0.0000050040120747	0.0000234633420976	0.0001430838629305	1.0000000000000000		
820.0000000000000000	0.0015973999999985	0.0021091999999981	0.0000051836330000	0.0000241080659236	0.0001425459183672	1.0000000000000000		
821.0000000000000000	0.0015965349404263	0.0021249142997592	0.0000054135389573	0.0000243152985820	0.0001420276366258	1.0000000000000000		
822.0000000000000000	0.0015970999999985	0.0021422999999981	0.0000056445493095	0.0000244074019857	0.0001416359476080	1.0000000000000000		
823.0000000000000000	0.0015966004673804	0.0021586588633096	0.0000058548390887	0.0000251672550664	0.0001413823491574	1.0000000000000000		
824.0000000000000000	0.0015967999999985	0.0021754999999980	0.0000060227094591	0.0000258580305943	0.0001412657794796	1.0000000000000000		
825.0000000000000000	0.0015960994193043	0.0021893152450294	0.0000061304880000	0.0000263415734639	0.0001412704081631	1.0000000000000000		
826.0000000000000000	0.0015963999999985	0.0022021999999980	0.0000061314028181	0.0000280454864327	0.0001413617064032	1.0000000000000000		
827.0000000000000000	0.0015958490130689	0.0022121047376967	0.0000060738638114	0.0000290125721717	0.0001415023767818	1.0000000000000000		
828.0000000000000000	0.0015961999999985	0.0022224999999980	0.0000059769548972	0.0000306934592896	0.0001416429805367	1.0000000000000000		
829.0000000000000000	0.0015955587402329	0.0022318311062928	0.0000058633616426	0.0000318677776870	0.0001417322880282	1.0000000000000000		
830.0000000000000000	0.0015957999999985	0.0022426999999980	0.0000057552950000	0.0000335947165068	0.0001417244897958	1.0000000000000000		
831.0000000000000000	0.0015951985192316	0.0022522896917071	0.0000056959807495	0.0000347690349042	0.0001415012823159	1.0000000000000000		
832.0000000000000000	0.0015954999999985	0.0022629999999979	0.0000056614567559	0.0000365189995749	0.0001411626027763	1.0000000000000000		
833.0000000000000000	0.0015948382982304	0.0022723586641604	0.0000056462557730	0.0000377163438232	0.0001407375375320	1.0000000000000000		
834.0000000000000000	0.0015950999999985	0.0022831999999979	0.0000056393258922	0.0000381308091400	0.0001402645670186	1.0000000000000000		
835.0000000000000000	0.0015945487031457	0.0022932748326583	0.0000056263480000	0.0000391209207300	0.0001397857142856	1.0000000000000000		
836.0000000000000000	0.0015948999999985	0.0023052999999979	0.0000055842169987	0.0000400649806181	0.0001392785500635	1.0000000000000000		
837.0000000000000000	0.0015942611413152	0.0023165461580030	0.0000055117842034	0.0000400649806181	0.0001388588369860	1.0000000000000000		
838.0000000000000000	0.0015944999999986	0.0023292999999979	0.0000054032960759	0.0000404794459348	0.0001385643320117	1.0000000000000000		
839.0000000000000000	0.0015938897607331	0.0023406707791548	0.0000052581196379	0.0000408248336988	0.0001384095984788	1.0000000000000000		
840.0000000000000000	0.0015941999999986	0.0023531999999979	0.0000050812580000	0.0000413314024192	0.0001383826530611	1.0000000000000000		
841.0000000000000000	0.0015935697468852	0.0023643763751113	0.0000048626056442	0.0000417458677360	0.0001384749541014	1.0000000000000000		
842.0000000000000000	0.0015937999999986	0.0023771999999979	0.0000046441277607	0.0000415616609285	0.0001385897431326	1.0000000000000000		
843.0000000000000000	0.0015931042528982	0.0023889077459247	0.0000044484641234	0.0000417688935869	0.0001386488908426	1.0000000000000000		
844.0000000000000000	0.0015932999999986	0.0024010999999978	0.0000042953337140	0.0000419531003944	0.0001385782233039	1.0000000000000000		
845.0000000000000000	0.0015925973423647	0.0024099509086974	0.0000041981030000	0.0000422524364564	0.0001383214285713	1.0000000000000000		
846.0000000000000000	0.0015927999999986	0.0024176999999978	0.0000041998976712	0.0000425517725185	0.0001376651424916	1.0000000000000000		
847.0000000000000000	0.0015921000741117	0.0024220476885553	0.0000042436531829	0.0000427359793260	0.0001368708705819	1.0000000000000000		
848.0000000000000000	0.0015922999999986	0.0024268999999978	0.0000043047278541	0.0000433576773011	0.0001360369502002	1.0000000000000000		
849.0000000000000000	0.0015915995378327	0.0024306297073377	0.0000043574936308	0.0000437030650650	0.0001352672490896	1.0000000000000000		
850.0000000000000000	0.0015917999999986	0.0024360999999978	0.0000043805580000	0.0000440484528290	0.0001346530612244	1.0000000000000000		
851.0000000000000000	0.0015910685027414	0.0024401702963395	0.0000043028326573	0.0000439333235743	0.0001343550083470	1.0000000000000000		
852.0000000000000000	0.0015912999999986	0.0024452999999978	0.0000042019235330	0.0000445780474004	0.0001342667465342	1.0000000000000000		
853.0000000000000000	0.0015907176179089	0.0024488870868428	0.0000041048178465	0.0000444629181457	0.0001343458595314	1.0000000000000000		
854.0000000000000000	0.0015907999999985	0.0024545999999977	0.0000040407259137	0.0000444398922948	0.0001345267159664	1.0000000000000000		
855.0000000000000000	0.0015897177196500	0.0024606297060495	0.0000040352130000	0.0000445319956985	0.0001347346938774	1.0000000000000000		
856.0000000000000000	0.0015902999999985	0.0024701999999977	0.0000041611191420	0.0000451076419718	0.0001347249699124	1.0000000000000000		
857.0000000000000000	0.0015914998383117	0.0024801639648633	0.0000043472481236	0.0000451306678227	0.0001346878312529	1.0000000000000000		
858.0000000000000000	0.0015943999999985	0.0024922999999977	0.0000045696871516	0.0000453379004811	0.0001346519486600	1.0000000000000000		
859.0000000000000000	0.0015961863363890	0.0025028046361362	0.0000048007578333	0.0000454069780338	0.0001346538653925	1.0000000000000000		
860.0000000000000000	0.0015986999999985	0.0025143999999977	0.0000050148280000	0.0000456142106922	0.0001347295918366	1.0000000000000000		
861.0000000000000000	0.0016004313577894	0.0025245861945959	0.0000051268853853	0.0000460747277108	0.0001349457573132	1.0000000000000000		
862.0000000000000000	0.0016030999999985	0.0025364999999977	0.0000052202903715	0.0000460977535617	0.0001352640221043	1.0000000000000000		
863.0000000000000000	0.0016047248398468	0.0025471498097580	0.0000053195946655	0.0000462359086673	0.0001356725985671	1.0000000000000000		
864.0000000000000000	0.0016072999999985	0.0025585999999977	0.0000054522180410	0.0000459595984562	0.0001361505874131	1.0000000000000000		
865.0000000000000000	0.0016090981869831	0.0025670952670816	0.0000056429100000	0.0000468345807915	0.0001366734693876	1.0000000000000000		
866.0000000000000000	0.0016115999999985	0.0025751999999977	0.0000059619676189	0.0000465352447294	0.0001370784231865	1.0000000000000000		
867.0000000000000000	0.0016129288666531	0.0025803514137761	0.0000063438791685	0.0000470878651517	0.0001375415520522	1.0000000000000000		
868.0000000000000000	0.0016159999999985	0.0025862999999977	0.0000067688034578	0.0000470648393008	0.0001380989945473	1.0000000000000000		
869.0000000000000000	0.0016197755729789	0.0025909521072641	0.0000072140123736	0.0000480088991889	0.0001387793794197	1.0000000000000000		
870.0000000000000000	0.0016252999999985	0.0025972999999976	0.0000076592880000	0.0000485384937603	0.0001395969387754	1.0000000000000000		
871.0000000000000000	0.0016296482307695	0.0026021680263288	0.0000080216993608	0.0000487227005678	0.0001405709025762	1.0000000000000000		
872.0000000000000000	0.0016346999999985	0.0026083999999976	0.0000083940986589	0.0000486075713131	0.0001416459123043	1.0000000000000000		
873.0000000000000000	0.0016389470992004	0.0026131113236741	0.0000088064055758	0.0000492292692882	0.0001427768921085	1.0000000000000000		
874.0000000000000000	0.0016441999999985	0.0026193999999976	0.0000092899700770	0.0000497358380087	0.0001439134908248	1.0000000000000000		
875.0000000000000000	0.0016484968725740	0.0026244941461992	0.0000098716800000	0.0000500121482198	0.0001450102040815	1.0000000000000000		
876.0000000000000000	0.0016536999999985	0.0026313999999976	0.0000106253837827	0.0000500581999217	0.0001458896220408	1.0000000000000000		
877.0000000000000000	0.0016579360378817	0.0026370545471477	0.0000114794838977	0.0000510483115117	0.0001467422770395	1.0000000000000000		
878.0000000000000000	0.0016631999999985	0.0026442999999976	0.0000124103033860	0.0000514858026793	0.0001476286660797	1.0000000000000000		
879.0000000000000000	0.0016676209899742	0.0026500293964748	0.0000133908875015	0.0000524528884184	0.0001486163916591	1.0000000000000000		
880.0000000000000000	0.0016726999999985	0.0026571999999976	0.0000143971100000	0.0000525449918221	0.0001497704081631	1.0000000000000000		
881.0000000000000000	0.0016762692202536	0.0026628532187973	0.0000153337547015	0.0000527291986296	0.0001511425603856	1.0000000000000000		
882.0000000000000000	0.0016804999999985	0.0026700999999976	0.0000163041306000	0.0000542258789400	0.0001527712241137	1.0000000000000000		
883.0000000000000000	0.0016838720386828	0.0026759058019867	0.0000173397512315	0.0000544791633002	0.0001546738959843	1.0000000000000000		
884.0000000000000000	0.0016882999999985	0.0026829999999976	0.0000184727462487	0.0000555613782939	0.0001568482981052	1.0000000000000000		
885.0000000000000000	0.0016917592621221	0.0026880497031452	0.0000197288000000	0.0000557455851014	0.0001592755102039	1.0000000000000000		
886.0000000000000000	0.0016960999999985	0.0026939999999976	0.0000211728839645	0.0000561139987163	0.0001618446907669	1.0000000000000000		
887.0000000000000000	0.0016994185630438	0.0026979418332980	0.0000227314855034	0.0000561830762691	0.0001646300184791	1.0000000000000000		
888.0000000000000000	0.0017037999999984	0.0027031999999975	0.0000243702627916	0.0000563442572256	0.0001676205978124	1.0000000000000000		
889.0000000000000000	0.0017074559653067	0.0027069890967924	0.0000260470822058	0.0000576567307286	0.0001708012714144	1.0000000000000000		
890.0000000000000000	0.0017121999999984	0.0027123999999975	0.0000277186000000	0.0000596830056104	0.0001741530612243	1.0000000000000000		
891.0000000000000000	0.0017159298953027	0.0027162934245293	0.0000292565350063	0.0000593836695483	0.0001775503820057	1.0000000000000000		
892.0000000000000000	0.0017205999999984	0.0027216999999975	0.0000307555379028	0.0000592455144427	0.0001811068927319	1.0000000000000000		
893.0000000000000000	0.0017243175526912	0.0027255396055489	0.0000322282475548	0.0000601435226290	0.0001848236492211	1.0000000000000000		
894.0000000000000000	0.0017289999999984	0.0027308999999975	0.0000336900808369	0.0000599132641197	0.0001886838763474	1.0000000000000000		
895.0000000000000000	0.0017326696598703	0.0027347227366480	0.0000351542100000	0.0000608573240078	0.0001926479591835	1.0000000000000000		
896.0000000000000000	0.0017372999999984	0.0027400999999975	0.0000366931246268	0.0000605579879457	0.0001966909379389	1.0000000000000000		
897.0000000000000000	0.0017409722307050	0.0027439240793339	0.0000382176492416	0.0000614099444302	0.0002006758063307	1.0000000000000000		
898.0000000000000000	0.0017456999999984	0.0027492999999975	0.0000397032058989	0.0000630908315480	0.0002044936435671	1.0000000000000000		
899.0000000000000000	0.0017494936665042	0.0027531329980158	0.0000411316286685	0.0000640348914362	0.0002080380912184	1.0000000000000000		
900.0000000000000000	0.0017541999999984	0.0027584999999975	0.0000424988199999	0.0000658078819578	0.0002112193877549	1.0000000000000000		
901.0000000000000000	0.0017576534812048	0.0027622844477318	0.0000436800000000	0.0000660611663180	0.0002137717765645	1.0000000000000000		
902.0000000000000000	0.0017615999999984	0.0027676999999975	0.0000445900000000	0.0000669822003552	0.0002159477603269	1.0000000000000000		
903.0000000000000000	0.0017639923561296	0.0027716177122449	0.0000464100000000	0.0000676499500322	0.0002178194726801	1.0000000000000000		
904.0000000000000000	0.0017670999999984	0.0027768999999975	0.0000482300000000	0.0000682025704545	0.0002194656230910	1.0000000000000000		
905.0000000000000000	0.0017692581622039	0.0027801236439350	0.0000500500000000	0.0000691466303426	0.0002209540816325	1.0000000000000000		
906.0000000000000000	0.0017724999999984	0.0027842999999975	0.0000518700000000	0.0000700446385289	0.0002224100830732	1.0000000000000000		
907.0000000000000000	0.0017747605466030	0.0027863778046194	0.0000546000000000	0.0000707584399077	0.0002237305274904	1.0000000000000000		
908.0000000000000000	0.0017779999999984	0.0027897999999975	0.0000573300000000	0.0000715182929884	0.0002248667268237	1.0000000000000000		
909.0000000000000000	0.0017802344817606	0.0027917179489624	0.0000609700000000	0.0000726465596840	0.0002257519882638	1.0000000000000000		
910.0000000000000000	0.0017834999999984	0.0027952999999975	0.0000637000000000	0.0000736827229758	0.0002263163265304	1.0000000000000000		
911.0000000000000000	0.0017857610147554	0.0027973039569004	0.0000673400000000	0.0000745116536093	0.0002263453827189	1.0000000000000000		
912.0000000000000000	0.0017888999999984	0.0028008999999975	0.0000709800000000	0.0000758471529632	0.0002260211979611	1.0000000000000000		
913.0000000000000000	0.0017906159801941	0.0028029200748795	0.0000746200000000	0.0000771826523172	0.0002253927794668	1.0000000000000000		
914.0000000000000000	0.0017922999999984	0.0028063999999975	0.0000782600000000	0.0000787484101804	0.0002245278638727	1.0000000000000000		
915.0000000000000000	0.0017916800353878	0.0028080540380003	0.0000819000000000	0.0000800378578325	0.0002235051020406	1.0000000000000000		
916.0000000000000000	0.0017914999999984	0.0028109999999974	0.0000855400000000	0.0000819259776087	0.0002223977728881	1.0000000000000000		
917.0000000000000000	0.0017905629105885	0.0028121038837299	0.0000882700000000	0.0000838601490868	0.0002212908522463	1.0000000000000000		
918.0000000000000000	0.0017907999999984	0.0028146999999974	0.0000910000000000	0.0000859094498196	0.0002202486002834	1.0000000000000000		
919.0000000000000000	0.0017899303027994	0.0028157780336406	0.0000937300000000	0.0000880048022542	0.0002193159820030	1.0000000000000000		
920.0000000000000000	0.0017898999999984	0.0028183999999974	0.0000973700000000	0.0000907448785149	0.0002185153061223	1.0000000000000000		
921.0000000000000000	0.0017888039954761	0.0028193201629467	0.0001001000000000	0.0000936461357321	0.0002177483474994	1.0000000000000000		
922.0000000000000000	0.0017891999999984	0.0028219999999974	0.0001028300000000	0.0000965013412474	0.0002171226201106	1.0000000000000000		
923.0000000000000000	0.0017890264997252	0.0028233076014868	0.0001064700000000	0.0000998861413341	0.0002166217237721	1.0000000000000000		
924.0000000000000000	0.0017882999999984	0.0028256999999974	0.0001092000000000	0.0001035933033338	0.0002162003201991	1.0000000000000000		
925.0000000000000000	0.0017837010049544	0.0028252280469568	0.0001119300000000	0.0001076228272465	0.0002157857142855	1.0000000000000000		
926.0000000000000000	0.0017783999999984	0.0028247999999974	0.0001146600000000	0.0001117674804139	0.0002152757940270	1.0000000000000000		
927.0000000000000000	0.0017723723304939	0.0028215151627932	0.0001164800000000	0.0001163265988981	0.0002145739701936	1.0000000000000000		
928.0000000000000000	0.0017685999999984	0.0028192999999974	0.0001183000000000	0.0001212541309971	0.0002135737403191	1.0000000000000000		
929.0000000000000000	0.0017644872519190	0.0028156638941910	0.0001192100000000	0.0001264119216054	0.0002121798281907	1.0000000000000000		
930.0000000000000000	0.0017587999999984	0.0028137999999974	0.0001192100000000	0.0001321683843379	0.0002103214285713	1.0000000000000000		
931.0000000000000000	0.0017470349198212	0.0028102695665776	0.0001183000000000	0.0001376945885610	0.0002077762268244	1.0000000000000000		
932.0000000000000000	0.0017321999999985	0.0028081999999974	0.0001164800000000	0.0001438655166103	0.0002048056308442	1.0000000000000000		
933.0000000000000000	0.0017149322632467	0.0028045437727207	0.0001137500000000	0.0001503588065725	0.0002015154826537	1.0000000000000000		
934.0000000000000000	0.0016982999999985	0.0028026999999974	0.0001110200000000	0.0001570363033422	0.0001980276020483	1.0000000000000000		
935.0000000000000000	0.0016808490289029	0.0027997464364156	0.0001064700000000	0.0001638980069193	0.0001944642857141	1.0000000000000000		
936.0000000000000000	0.0016644999999985	0.0027989999999974	0.0001028300000000	0.0001709899690057	0.0001911167651973	1.0000000000000000		
937.0000000000000000	0.0016471985281447	0.0027972054946450	0.0000973700000000	0.0001784273188561	0.0001878326385802	1.0000000000000000		
938.0000000000000000	0.0016305999999985	0.0027971999999975	0.0000919100000000	0.0001862100564704	0.0001846307116140	1.0000000000000000		
939.0000000000000000	0.0016130025910179	0.0027955154862650	0.0000855400000000	0.0001942000267431	0.0001815383205106	1.0000000000000000		
940.0000000000000000	0.0015966999999986	0.0027952999999975	0.0000800800000000	0.0002027195915872	0.0001786071428569	1.0000000000000000		
941.0000000000000000	0.0015799005007796	0.0027935279677404	0.0000737100000000	0.0002113312598350	0.0001753653110575	1.0000000000000000		
942.0000000000000000	0.0015627999999986	0.0027934999999975	0.0000673400000000	0.0002212093498839	0.0001726851009438	1.0000000000000000		
943.0000000000000000	0.0015423327503755	0.0027919902649167	0.0000618800000000	0.0002312255950385	0.0001708633808709	1.0000000000000000		
944.0000000000000000	0.0015208999999986	0.0027916999999975	0.0000573300000000	0.0002418405123172	0.0001701178782352	1.0000000000000000		
945.0000000000000000	0.0014980953848143	0.0027890199130495	0.0000518700000000	0.0002533073860803	0.0001705357142855	1.0000000000000000		
946.0000000000000000	0.0014760999999987	0.0027869999999975	0.0000473200000000	0.0002650735959055	0.0001727103144687	1.0000000000000000		
947.0000000000000000	0.0014532745844075	0.0027827136727854	0.0000436800000000	0.0002778299173207	0.0001754951089755	1.0000000000000000		
948.0000000000000000	0.0014313999999987	0.0027796999999975	0.0000400400000000	0.0002918987122389	0.0001783180572071	1.0000000000000000		
949.0000000000000000	0.0014088258819121	0.0027751846283584	0.0000373100000000	0.0003070497221508	0.0001806117680963	1.0000000000000000		
950.0000000000000000	0.0013866999999987	0.0027722999999975	0.0000345800000000	0.0003227073007831	0.0001819132653059	1.0000000000000000		
951.0000000000000000	0.0013636539689467	0.0027678034599718	0.0000318500000000	0.0003393780168564	0.0001809826973298	1.0000000000000000		
952.0000000000000000	0.0013432999999988	0.0027648999999975	0.0000300300000000	0.0003567164826066	0.0001790921715252	1.0000000000000000		
953.0000000000000000	0.0013254630923404	0.0027605217517044	0.0000273000000000	0.0003741931034625	0.0001767272225204	1.0000000000000000		
954.0000000000000000	0.0013099999999988	0.0027575999999975	0.0000263900000000	0.0003917848535729	0.0001744586781771	1.0000000000000000		
955.0000000000000000	0.0012932219168370	0.0027528332587550	0.0000245700000000	0.0004087088540064	0.0001728367346937	1.0000000000000000		
956.0000000000000000	0.0012766999999988	0.0027492999999975	0.0000227500000000	0.0004245506394462	0.0001730244319210	1.0000000000000000		
957.0000000000000000	0.0012597096067990	0.0027439731664137	0.0000218400000000	0.0004390108738302	0.0001742659002648	1.0000000000000000		
958.0000000000000000	0.0012434999999989	0.0027400999999975	0.0000200200000000	0.0004522507381150	0.0001763642432200	1.0000000000000000		
959.0000000000000000	0.0012264727713571	0.0027347184012148	0.0000191100000000	0.0004638327411327	0.0001789952300304	1.0000000000000000		
960.0000000000000000	0.0012100999999989	0.0027308999999975	0.0000182000000000	0.0004734575468214	0.0001817755102039	1.0000000000000000		
961.0000000000000000	0.0011930272653568	0.0027255119576438	0.0000182000000000	0.0004816547497525	0.0001836947458748	1.0000000000000000		
962.0000000000000000	0.0011768999999990	0.0027216999999975	0.0000172900000000	0.0004880098846092	0.0001853370724146	1.0000000000000000		
963.0000000000000000	0.0011598996489763	0.0027163833449416	0.0000172900000000	0.0004926841323479	0.0001867208151168	1.0000000000000000		
964.0000000000000000	0.0011405999999990	0.0027123999999975	0.0000163800000000	0.0004964603719004	0.0001879267267718	1.0000000000000000		
965.0000000000000000	0.0011159406041947	0.0027064341769301	0.0000163800000000	0.0004993616291176	0.0001890714285713	1.0000000000000000		
966.0000000000000000	0.0010898999999990	0.0027013999999975	0.0000154700000000	0.0005017332917634	0.0001905187914921	1.0000000000000000		
967.0000000000000000	0.0010643509382281	0.0026943038638296	0.0000145600000000	0.0005032760237757	0.0001920432369288	1.0000000000000000		
968.0000000000000000	0.0010391999999990	0.0026884999999976	0.0000145600000000	0.0005045654714278	0.0001936422648370	1.0000000000000000		
969.0000000000000000	0.0010122029705054	0.0026812717339126	0.0000145600000000	0.0005053713762103	0.0001952985912327	1.0000000000000000		
970.0000000000000000	0.0009885499999991	0.0026755999999976	0.0000136500000000	0.0005058549190799	0.0001969897959182	1.0000000000000000		
971.0000000000000000	0.0009703918918050	0.0026683573727079	0.0000136500000000	0.0005061082034401	0.0001984151944996	1.0000000000000000		
972.0000000000000000	0.0009562199999991	0.0026626999999976	0.0000136500000000	0.0005063845136513	0.0001999556361117	1.0000000000000000		
973.0000000000000000	0.0009411883066350	0.0026556496350614	0.0000136500000000	0.0005060161000364	0.0002017052802196	1.0000000000000000		
974.0000000000000000	0.0009262799999992	0.0026497999999976	0.0000127400000000	0.0005056246605706	0.0002037361425569	1.0000000000000000		
975.0000000000000000	0.0009112084041811	0.0026417258707657	0.0000127400000000	0.0005048648074899	0.0002060816326529	1.0000000000000000		
976.0000000000000000	0.0008963699999992	0.0026341999999976	0.0000127400000000	0.0005034141788813	0.0002088728884378	1.0000000000000000		
977.0000000000000000	0.0008800357802686	0.0026243727570410	0.0000127400000000	0.0005018714468690	0.0002118454802874	1.0000000000000000		
978.0000000000000000	0.0008633399999992	0.0026156999999976	0.0000127400000000	0.0004999833270927	0.0002148495892038	1.0000000000000000		
979.0000000000000000	0.0008456006987808	0.0026057223551598	0.0000127400000000	0.0004975656127451	0.0002177286818847	1.0000000000000000		
980.0000000000000000	0.0008281399999993	0.0025972999999976	0.0000127400000000	0.0004948485623354	0.0002203469387753	1.0000000000000000		
981.0000000000000000	0.0008102816972202	0.0025873191924318	0.0000127400000000	0.0004918552017145	0.0002222359098464	1.0000000000000000		
982.0000000000000000	0.0007929499999993	0.0025788999999977	0.0000127400000000	0.0004884013240750	0.0002238757063506	1.0000000000000000		
983.0000000000000000	0.0007751463747819	0.0025693311601107	0.0000127400000000	0.0004849013947336	0.0002254083553621	1.0000000000000000		
984.0000000000000000	0.0007577399999993	0.0025604999999977	0.0000127400000000	0.0004810560776283	0.0002269830685610	1.0000000000000000		
985.0000000000000000	0.0007398565000123	0.0025486098603133	0.0000136500000000	0.0004768653727591	0.0002287244897957	1.0000000000000000		
986.0000000000000000	0.0007225399999993	0.0025383999999977	0.0000136500000000	0.0004725825644861	0.0002309288692021	1.0000000000000000		
987.0000000000000000	0.0007049991794414	0.0025275201667954	0.0000145600000000	0.0004679313425983	0.0002333031369337	1.0000000000000000		
988.0000000000000000	0.0006873399999994	0.0025125999999977	0.0000145600000000	0.0004630728880520	0.0002357277624130	1.0000000000000000		
989.0000000000000000	0.0006686046999136	0.0024877165506424	0.0000154700000000	0.0004580993042512	0.0002380595016194	1.0000000000000000		
990.0000000000000000	0.0006514099999994	0.0024655999999977	0.0000154700000000	0.0004530336170466	0.0002401632653059	1.0000000000000000		
991.0000000000000000	0.0006364615138514	0.0024526906005310	0.0000163800000000	0.0004478758264383	0.0002416019371412	1.0000000000000000		
992.0000000000000000	0.0006234099999994	0.0024468999999977	0.0000172900000000	0.0004424877773207	0.0002428069347792	1.0000000000000000		
993.0000000000000000	0.0006098927388842	0.0024375265389269	0.0000182000000000	0.0004371457799049	0.0002439205393249	1.0000000000000000		
994.0000000000000000	0.0005966699999995	0.0024275999999978	0.0000191100000000	0.0004313202396196	0.0002451168392728	1.0000000000000000		
995.0000000000000000	0.0005835392975750	0.0024168486860846	0.0000200200000000	0.0004257019319927	0.0002465765306120	1.0000000000000000		
996.0000000000000000	0.0005711299999995	0.0024076999999978	0.0000209300000000	0.0004200375726640	0.0002485076419354	1.0000000000000000		
997.0000000000000000	0.0005586218136141	0.0023968463259406	0.0000218400000000	0.0004141199289750	0.0002509683626967	1.0000000000000000		
998.0000000000000000	0.0005467199999995	0.0023871999999978	0.0000227500000000	0.0004083634662425	0.0002540146287758	1.0000000000000000		
999.0000000000000000	0.0005347752629863	0.0023760671547518	0.0000236600000000	0.0004025839776591	0.0002576475793766	1.0000000000000000		
1000.0000000000000000	0.0005234099999995	0.0023660999999979	0.0000245700000000	0.0003966663339701	0.0002618163265303	1.0000000000000000		
1001.0000000000000000	0.0005119931399218	0.0023546089581070	0.0000254800000000	0.0003908177678339	0.0002662711926011	1.0000000000000000		
1002.0000000000000000	0.0005011299999995	0.0023442999999979	0.0000263900000000	0.0003846007880828	0.0002710984835515	1.0000000000000000		
1003.0000000000000000	0.0004902259209207	0.0023325658747899	0.0000273000000000	0.0003785910409901	0.0002762031309706	1.0000000000000000		
1004.0000000000000000	0.0004798499999996	0.0023219999999979	0.0000282100000000	0.0003723970870899	0.0002814696409946	1.0000000000000000		
1005.0000000000000000	0.0004694231182551	0.0023099326035201	0.0000300300000000	0.0003662722107426	0.0002867704081630	1.0000000000000000		
1006.0000000000000000	0.0004594999999996	0.0022989999999979	0.0000309400000000	0.0003604927221591	0.0002919898816717	1.0000000000000000		
1007.0000000000000000	0.0004495368632428	0.0022866385183810	0.0000327600000000	0.0003544599492155	0.0002969919510220	1.0000000000000000		
1008.0000000000000000	0.0004400599999996	0.0022753999999979	0.0000336700000000	0.0003481508660607	0.0003016773809963	1.0000000000000000		
1009.0000000000000000	0.0004305404267227	0.0022626889206530	0.0000354900000000	0.0003422332223717	0.0003059825437889	1.0000000000000000		
1010.0000000000000000	0.0004214799999996	0.0022510999999980	0.0000373100000000	0.0003362234752790	0.0003098877551018	1.0000000000000000		
1011.0000000000000000	0.0004123741353252	0.0022381309233855	0.0000382200000000	0.0003297301853167	0.0003130273511451	1.0000000000000000		
1012.0000000000000000	0.0004037099999996	0.0022262999999980	0.0000400400000000	0.0003237434640750	0.0003159969929519	1.0000000000000000		
1013.0000000000000000	0.0003950088013052	0.0022130632888910	0.0000418600000000	0.0003176646394295	0.0003190018771808	1.0000000000000000		
1014.0000000000000000	0.0003867299999996	0.0022008999999980	0.0000427700000000	0.0003117009440386	0.0003222000751019	1.0000000000000000		
1015.0000000000000000	0.0003784080475070	0.0021873166289406	0.0000445900000000	0.0003058293520515	0.0003256632653059	1.0000000000000000		
1016.0000000000000000	0.0003704899999997	0.0021747999999980	0.0000455000000000	0.0002997965791078	0.0003297896444366	1.0000000000000000		
1017.0000000000000000	0.0003625369516089	0.0021609144564011	0.0000473200000000	0.0002938098578660	0.0003338359035206	1.0000000000000000		
1018.0000000000000000	0.0003549699999997	0.0021480999999980	0.0000482300000000	0.0002880533951336	0.0003374315551759	1.0000000000000000		
1019.0000000000000000	0.0003473613804445	0.0021339214181576	0.0000491400000000	0.0002825271909104	0.0003402107443792	1.0000000000000000		
1020.0000000000000000	0.0003401199999997	0.0021207999999981	0.0000500500000000	0.0002767246764760	0.0003418826530609	1.0000000000000000		
1021.0000000000000000	0.0003328428928520	0.0021063434932416	0.0000509600000000	0.0002710833429982	0.0003415571386639	1.0000000000000000		
1022.0000000000000000	0.0003259199999997	0.0020928999999981	0.0000509600000000	0.0002653959578185	0.0003402436645533	1.0000000000000000		
1023.0000000000000000	0.0003189614413259	0.0020780872206211	0.0000518700000000	0.0002600539604027	0.0003383420800601	1.0000000000000000		
1024.0000000000000000	0.0003123399999997	0.0020642999999981	0.0000518700000000	0.0002546428854342	0.0003363064393844	1.0000000000000000		
1025.0000000000000000	0.0003056827941342	0.0020492453835767	0.0000527800000000	0.0002491857587638	0.0003345663265303	1.0000000000000000		
1026.0000000000000000	0.0002993499999997	0.0020351999999982	0.0000536900000000	0.0002436825803916	0.0003339067138678	1.0000000000000000		
1027.0000000000000000	0.0002929858039933	0.0020198179821086	0.0000536900000000	0.0002383636088267	0.0003338929180246	1.0000000000000000		
1028.0000000000000000	0.0002869299999997	0.0020053999999982	0.0000546000000000	0.0002330216114110	0.0003344002073571	1.0000000000000000		
1029.0000000000000000	0.0002808374906792	0.0019897122329358	0.0000564200000000	0.0002281861827157	0.0003351884454113	1.0000000000000000		
1030.0000000000000000	0.0002750399999997	0.0019749999999982	0.0000573300000000	0.0002231665472130	0.0003359489795915	1.0000000000000000		
1031.0000000000000000	0.0002692129290409	0.0019590209193392	0.0000582400000000	0.0002185565735058	0.0003359869064219	1.0000000000000000		
1032.0000000000000000	0.0002636699999998	0.0019439999999982	0.0000591500000000	0.0002152178251210	0.0003355271783573	1.0000000000000000		
1033.0000000000000000	0.0002580945833212	0.0019277440413188	0.0000600600000000	0.0002099449052580	0.0003344732315296	1.0000000000000000		
1034.0000000000000000	0.0002527899999998	0.0019123999999983	0.0000609700000000	0.0002061571527800	0.0003327895476291	1.0000000000000000		
1035.0000000000000000	0.0002474558984626	0.0018957888155937	0.0000618800000000	0.0002023003227493	0.0003304999999997	1.0000000000000000		
1036.0000000000000000	0.0002423799999998	0.0018800999999983	0.0000627900000000	0.0001970158899609	0.0003276003430543	1.0000000000000000		
1037.0000000000000000	0.0002372718420165	0.0018632480254449	0.0000627900000000	0.0001924797973277	0.0003243080020673	1.0000000000000000		
1038.0000000000000000	0.0002324099999998	0.0018472999999983	0.0000637000000000	0.0001887726353279	0.0003207781389240	1.0000000000000000		
1039.0000000000000000	0.0002275196737773	0.0018301223486236	0.0000637000000000	0.0001841444392910	0.0003171570072679	1.0000000000000000		
1040.0000000000000000	0.0002228699999998	0.0018137999999984	0.0000637000000000	0.0001812892337757	0.0003135612244895	1.0000000000000000		
1041.0000000000000000	0.0002181962704517	0.0017963130228176	0.0000637000000000	0.0001777317398070	0.0003101422720933	1.0000000000000000		
1042.0000000000000000	0.0002137499999998	0.0017796999999984	0.0000637000000000	0.0001739785261054	0.0003068170609894	1.0000000000000000		
1043.0000000000000000	0.0002092726861730	0.0017619416454546	0.0000637000000000	0.0001708930620808	0.0003035374987085	1.0000000000000000		
1044.0000000000000000	0.0002050099999998	0.0017449999999984	0.0000627900000000	0.0001676579300252	0.0003002299440436	1.0000000000000000		
1045.0000000000000000	0.0002007203696524	0.0017268866191069	0.0000627900000000	0.0001645839789260	0.0002968163265303	1.0000000000000000		
1046.0000000000000000	0.0001966399999998	0.0017095999999984	0.0000618800000000	0.0001614754890505	0.0002928804957555	1.0000000000000000		
1047.0000000000000000	0.0001925350978183	0.0016912467060868	0.0000609700000000	0.0001584821284296	0.0002888737025450	1.0000000000000000		
1048.0000000000000000	0.0001886299999998	0.0016736999999985	0.0000609700000000	0.0001550973283429	0.0002849059504231	1.0000000000000000		
1049.0000000000000000	0.0001846992646006	0.0016550212286428	0.0000600600000000	0.0001529904629828	0.0002810779886220	1.0000000000000000		
1050.0000000000000000	0.0001809599999998	0.0016370999999985	0.0000591500000000	0.0001498934860327	0.0002774591836732	1.0000000000000000		
1051.0000000000000000	0.0001771979420187	0.0016181167257428	0.0000582400000000	0.0001476139267907	0.0002743039998589	1.0000000000000000		
1052.0000000000000000	0.0001736199999998	0.0015998999999985	0.0000573300000000	0.0001460136301510	0.0002712668584354	1.0000000000000000		
1053.0000000000000000	0.0001700182822781	0.0015806319596993	0.0000573300000000	0.0001436074287289	0.0002682008295836	1.0000000000000000		
1054.0000000000000000	0.0001665899999998	0.0015620999999986	0.0000564200000000	0.0001417077960271	0.0002649571999945	1.0000000000000000		
1055.0000000000000000	0.0001631364058725	0.0015425381163649	0.0000564200000000	0.0001406946585862	0.0002614183673467	1.0000000000000000		
1056.0000000000000000	0.0001598499999999	0.0015236999999986	0.0000527800000000	0.0001391749524248	0.0002570653807398	1.0000000000000000		
1057.0000000000000000	0.0001565429530568	0.0015038640098869	0.0000500500000000	0.0001377818884436	0.0002525403114257	1.0000000000000000		
1058.0000000000000000	0.0001533999999999	0.0014846999999987	0.0000491400000000	0.0001352720706922	0.0002480674821052	1.0000000000000000		
1059.0000000000000000	0.0001502383725421	0.0014645108779529	0.0000473200000000	0.0001344086012823	0.0002438731754727	1.0000000000000000		
1060.0000000000000000	0.0001472299999999	0.0014449999999987	0.0000464100000000	0.0001336832869781	0.0002422845250667	1.0000000000000000		
1061.0000000000000000	0.0001441967603381	0.0014245721815952	0.0000455000000000	0.0001319102964564	0.0002389820079616	1.0000000000000000		
1062.0000000000000000	0.0001413099999999	0.0014047999999987	0.0000445900000000	0.0001316915508726	0.0002357245066049	1.0000000000000000		
1063.0000000000000000	0.0001384048345502	0.0013840485985649	0.0000445900000000	0.0001301373059348	0.0002325114073987	1.0000000000000000		
1064.0000000000000000	0.0001356399999999	0.0013638999999988	0.0000436800000000	0.0001294350174815	0.0002293421051090	1.0000000000000000		
1065.0000000000000000	0.0001328516733021	0.0013428413665499	0.0000427700000000	0.0001291471943449	0.0002262160027513	1.0000000000000000		
1066.0000000000000000	0.0001301999999999	0.0013223999999988	0.0000418600000000	0.0001289860133883	0.0002231325114786	1.0000000000000000		
1067.0000000000000000	0.0001275344097900	0.0013010720829780	0.0000409500000000	0.0001285370092952	0.0002200910504705	1.0000000000000000		
1068.0000000000000000	0.0001249999999999	0.0012802999999988	0.0000400400000000	0.0001284909575933	0.0002170910468233	1.0000000000000000		
1069.0000000000000000	0.0001224435769715	0.0012586191504214	0.0000400400000000	0.0001283067507859	0.0002141319354425	1.0000000000000000		
1070.0000000000000000	0.0001200099999999	0.0012374999999989	0.0000391300000000	0.0001280534664257	0.0002112131589364	1.0000000000000000		
1071.0000000000000000	0.0001175597637975	0.0012155813311923	0.0000382200000000	0.0001280189276493	0.0002083341675109	1.0000000000000000		
1072.0000000000000000	0.0001152299999999	0.0011941999999989	0.0000382200000000	0.0001278807725437	0.0002054944188658	1.0000000000000000		
1073.0000000000000000	0.0001128827815537	0.0011719579475393	0.0000373100000000	0.0001287902936554	0.0002026933780930	1.0000000000000000		
1074.0000000000000000	0.0001106499999999	0.0011501999999990	0.0000364000000000	0.0001293889657796	0.0001999305175758	1.0000000000000000		
1075.0000000000000000	0.0001084002004526	0.0011276561484067	0.0000354900000000	0.0001295616596616	0.0001972053168889	1.0000000000000000		
1076.0000000000000000	0.0001062599999999	0.0011055999999990	0.0000354900000000	0.0001303790773696	0.0001945172627011	1.0000000000000000		
1077.0000000000000000	0.0001041030540550	0.0010827696538539	0.0000345800000000	0.0001313807018851	0.0001918658486781	1.0000000000000000		
1078.0000000000000000	0.0001020499999999	0.0010603999999990	0.0000336700000000	0.0001319678610838	0.0001892505753875	1.0000000000000000		
1079.0000000000000000	0.0000999793737996	0.0010372928640511	0.0000327600000000	0.0001331997441085	0.0001866709502042	1.0000000000000000		
1080.0000000000000000	0.0000980099999999	0.0010145999999991	0.0000327600000000	0.0001334990801706	0.0001841264872184	1.0000000000000000		
1081.0000000000000000	0.0000960272213631	0.0009911570353709	0.0000318500000000	0.0001356519972326	0.0001816167071431	1.0000000000000000		
1082.0000000000000000	0.0000941419999999	0.0009681099999991	0.0000309400000000	0.0001370105224374	0.0001791411372249	1.0000000000000000		
1083.0000000000000000	0.0000922409092516	0.0009443874481854	0.0000300300000000	0.0001377588625927	0.0001766993111538	1.0000000000000000		
1084.0000000000000000	0.0000904319999999	0.0009210499999992	0.0000291200000000	0.0001397621116236	0.0001742907689765	1.0000000000000000		
1085.0000000000000000	0.0000886088126294	0.0008970372789817	0.0000291200000000	0.0001412357660831	0.0001719150570087	1.0000000000000000		
1086.0000000000000000	0.0000868749999999	0.0008733699999992	0.0000282100000000	0.0001433080926668	0.0001695717277505	1.0000000000000000		
1087.0000000000000000	0.0000851273518414	0.0008490651064516	0.0000273000000000	0.0001456682423871	0.0001672603398016	1.0000000000000000		
1088.0000000000000000	0.0000834649999999	0.0008250799999993	0.0000263900000000	0.0001474527458342	0.0001649804577784	1.0000000000000000		
1089.0000000000000000	0.0000817886537141	0.0008004745924340	0.0000254800000000	0.0001497553309271	0.0001627316522318	1.0000000000000000		
1090.0000000000000000	0.0000801939999999	0.0007761599999993	0.0000254800000000	0.0001526796139953	0.0001605134995665	1.0000000000000000		
1091.0000000000000000	0.0000785861834542	0.0007512605994516	0.0000245700000000	0.0001547058888771	0.0001583255819610	1.0000000000000000		
1092.0000000000000000	0.0000770569999999	0.0007266299999993	0.0000236600000000	0.0001581597665166	0.0001561674872892	1.0000000000000000		
1093.0000000000000000	0.0000755149630626	0.0007014426209395	0.0000227500000000	0.0001607847135226	0.0001540388090424	1.0000000000000000		
1094.0000000000000000	0.0000740479999999	0.0006764899999994	0.0000218400000000	0.0001627994754790	0.0001519391462531	1.0000000000000000		
1095.0000000000000000	0.0000725689774126	0.0006509973002799	0.0000218400000000	0.0001659655299818	0.0001498681034191	1.0000000000000000		
1096.0000000000000000	0.0000711609999999	0.0006257199999994	0.0000209300000000	0.0001691315844847	0.0001478252904292	1.0000000000000000		
1097.0000000000000000	0.0000697409646126	0.0005999472505208	0.0000200200000000	0.0001714802212795	0.0001458103224898	1.0000000000000000		
1098.0000000000000000	0.0000683929999999	0.0005743399999995	0.0000200200000000	0.0001747844308880	0.0001438228200524	1.0000000000000000		
1099.0000000000000000	0.0000670363790076	0.0005482373712147	0.0000191100000000	0.0001763041370494	0.0001418624087417	1.0000000000000000		
1100.0000000000000000	0.0000657359999999	0.0005223399999995	0.0000191100000000	0.0001775935847014	0.0001399287192859	1.0000000000000000		
=======
lambda[nm]	Hb[cm-1/uM]	HbO2[cm-1/uM]	Lip[cm-1]	H2O[cm-1]	Collagene[cm-1]	Bkg[cm-1]
600	3.38E-02	7.37E-03	6.69E-03	2.03E-03	9.43E-02	1.00E+00
601	3.23E-02	6.59E-03	6.47E-03	2.28E-03	9.36E-02	1.00E+00
602	3.14E-02	6.13E-03	6.27E-03	2.44E-03	9.30E-02	1.00E+00
603	3.02E-02	5.54E-03	6.10E-03	2.42E-03	9.23E-02	1.00E+00
604	2.89E-02	4.90E-03	5.99E-03	2.42E-03	9.17E-02	1.00E+00
605	2.77E-02	4.42E-03	5.93E-03	2.49E-03	9.11E-02	1.00E+00
606	2.65E-02	4.12E-03	5.94E-03	2.49E-03	9.04E-02	1.00E+00
607	2.53E-02	3.93E-03	5.98E-03	2.49E-03	8.98E-02	1.00E+00
608	2.41E-02	3.79E-03	6.01E-03	2.58E-03	8.92E-02	1.00E+00
609	2.29E-02	3.64E-03	6.02E-03	2.53E-03	8.86E-02	1.00E+00
610	2.17E-02	3.47E-03	5.98E-03	2.69E-03	8.80E-02	1.00E+00
611	2.07E-02	3.30E-03	5.83E-03	2.79E-03	8.74E-02	1.00E+00
612	1.98E-02	3.14E-03	5.65E-03	2.81E-03	8.68E-02	1.00E+00
613	1.88E-02	2.97E-03	5.44E-03	2.90E-03	8.62E-02	1.00E+00
614	1.79E-02	2.82E-03	5.24E-03	2.69E-03	8.56E-02	1.00E+00
615	1.73E-02	2.67E-03	5.08E-03	2.95E-03	8.51E-02	1.00E+00
616	1.69E-02	2.56E-03	5.02E-03	2.81E-03	8.45E-02	1.00E+00
617	1.65E-02	2.46E-03	5.01E-03	3.11E-03	8.39E-02	1.00E+00
618	1.60E-02	2.36E-03	5.05E-03	3.06E-03	8.34E-02	1.00E+00
619	1.54E-02	2.27E-03	5.11E-03	3.02E-03	8.28E-02	1.00E+00
620	1.50E-02	2.17E-03	5.19E-03	2.90E-03	8.23E-02	1.00E+00
621	1.46E-02	2.07E-03	5.23E-03	2.97E-03	8.24E-02	1.00E+00
622	1.43E-02	1.98E-03	5.25E-03	2.95E-03	8.19E-02	1.00E+00
623	1.39E-02	1.88E-03	5.24E-03	3.11E-03	8.14E-02	1.00E+00
624	1.36E-02	1.78E-03	5.22E-03	2.92E-03	8.09E-02	1.00E+00
625	1.33E-02	1.70E-03	5.18E-03	3.06E-03	8.04E-02	1.00E+00
626	1.29E-02	1.63E-03	5.12E-03	2.90E-03	7.99E-02	1.00E+00
627	1.26E-02	1.57E-03	5.06E-03	2.88E-03	7.95E-02	1.00E+00
628	1.24E-02	1.52E-03	5.02E-03	2.86E-03	7.91E-02	1.00E+00
629	1.21E-02	1.46E-03	5.00E-03	3.15E-03	7.89E-02	1.00E+00
630	1.19E-02	1.41E-03	5.00E-03	3.04E-03	7.87E-02	1.00E+00
631	1.16E-02	1.35E-03	5.06E-03	3.11E-03	7.85E-02	1.00E+00
632	1.14E-02	1.29E-03	5.12E-03	2.72E-03	7.84E-02	1.00E+00
633	1.11E-02	1.23E-03	5.17E-03	2.90E-03	7.82E-02	1.00E+00
634	1.09E-02	1.18E-03	5.19E-03	2.92E-03	7.81E-02	1.00E+00
635	1.07E-02	1.14E-03	5.17E-03	2.62E-03	7.78E-02	1.00E+00
636	1.06E-02	1.10E-03	5.06E-03	2.83E-03	7.74E-02	1.00E+00
637	1.05E-02	1.08E-03	4.93E-03	2.74E-03	7.69E-02	1.00E+00
638	1.03E-02	1.06E-03	4.79E-03	2.99E-03	7.64E-02	1.00E+00
639	1.02E-02	1.04E-03	4.68E-03	2.99E-03	7.58E-02	1.00E+00
640	1.00E-02	1.02E-03	4.60E-03	3.15E-03	7.52E-02	1.00E+00
641	9.85E-03	9.96E-04	4.62E-03	2.86E-03	7.46E-02	1.00E+00
642	9.71E-03	9.75E-04	4.68E-03	2.79E-03	7.40E-02	1.00E+00
643	9.56E-03	9.53E-04	4.76E-03	3.22E-03	7.36E-02	1.00E+00
644	9.41E-03	9.33E-04	4.84E-03	2.97E-03	7.32E-02	1.00E+00
645	9.27E-03	9.14E-04	4.89E-03	3.15E-03	7.28E-02	1.00E+00
646	9.13E-03	8.99E-04	4.85E-03	2.99E-03	7.25E-02	1.00E+00
647	9.00E-03	8.85E-04	4.77E-03	3.20E-03	7.23E-02	1.00E+00
648	8.88E-03	8.73E-04	4.67E-03	3.20E-03	7.20E-02	1.00E+00
649	8.76E-03	8.60E-04	4.58E-03	3.13E-03	7.17E-02	1.00E+00
650	8.64E-03	8.47E-04	4.49E-03	3.20E-03	7.14E-02	1.00E+00
651	8.51E-03	8.34E-04	4.48E-03	3.22E-03	7.09E-02	1.00E+00
652	8.39E-03	8.22E-04	4.49E-03	3.34E-03	7.03E-02	1.00E+00
653	8.26E-03	8.08E-04	4.49E-03	3.32E-03	6.97E-02	1.00E+00
654	8.14E-03	7.96E-04	4.48E-03	3.38E-03	6.89E-02	1.00E+00
655	8.02E-03	7.84E-04	4.44E-03	3.25E-03	6.81E-02	1.00E+00
656	7.89E-03	7.72E-04	4.32E-03	3.32E-03	6.73E-02	1.00E+00
657	7.76E-03	7.60E-04	4.15E-03	3.27E-03	6.64E-02	1.00E+00
658	7.65E-03	7.50E-04	3.97E-03	3.66E-03	6.55E-02	1.00E+00
659	7.53E-03	7.42E-04	3.78E-03	3.52E-03	6.48E-02	1.00E+00
660	7.43E-03	7.36E-04	3.60E-03	3.82E-03	6.41E-02	1.00E+00
661	7.33E-03	7.29E-04	3.48E-03	3.82E-03	6.35E-02	1.00E+00
662	7.23E-03	7.23E-04	3.38E-03	3.75E-03	6.30E-02	1.00E+00
663	7.13E-03	7.16E-04	3.31E-03	3.78E-03	6.25E-02	1.00E+00
664	7.03E-03	7.10E-04	3.26E-03	3.66E-03	6.21E-02	1.00E+00
665	6.93E-03	7.03E-04	3.22E-03	3.78E-03	6.17E-02	1.00E+00
666	6.83E-03	6.97E-04	3.16E-03	3.78E-03	6.12E-02	1.00E+00
667	6.73E-03	6.91E-04	3.11E-03	3.78E-03	6.07E-02	1.00E+00
668	6.64E-03	6.86E-04	3.06E-03	3.71E-03	6.02E-02	1.00E+00
669	6.53E-03	6.81E-04	3.02E-03	3.85E-03	5.96E-02	1.00E+00
670	6.44E-03	6.77E-04	2.98E-03	3.82E-03	5.90E-02	1.00E+00
671	6.33E-03	6.72E-04	2.97E-03	3.73E-03	5.85E-02	1.00E+00
672	6.24E-03	6.68E-04	2.97E-03	3.87E-03	5.79E-02	1.00E+00
673	6.14E-03	6.62E-04	2.98E-03	3.94E-03	5.74E-02	1.00E+00
674	6.05E-03	6.58E-04	2.99E-03	4.10E-03	5.69E-02	1.00E+00
675	5.96E-03	6.53E-04	2.99E-03	3.82E-03	5.64E-02	1.00E+00
676	5.88E-03	6.49E-04	2.99E-03	3.82E-03	5.60E-02	1.00E+00
677	5.80E-03	6.46E-04	2.97E-03	3.94E-03	5.57E-02	1.00E+00
678	5.71E-03	6.43E-04	2.94E-03	3.96E-03	5.54E-02	1.00E+00
679	5.63E-03	6.41E-04	2.90E-03	3.96E-03	5.52E-02	1.00E+00
680	5.54E-03	6.39E-04	2.85E-03	4.08E-03	5.49E-02	1.00E+00
681	5.46E-03	6.37E-04	2.79E-03	4.21E-03	5.47E-02	1.00E+00
682	5.38E-03	6.36E-04	2.73E-03	4.37E-03	5.45E-02	1.00E+00
683	5.29E-03	6.34E-04	2.68E-03	4.21E-03	5.42E-02	1.00E+00
684	5.21E-03	6.32E-04	2.65E-03	4.17E-03	5.38E-02	1.00E+00
685	5.12E-03	6.29E-04	2.64E-03	4.33E-03	5.34E-02	1.00E+00
686	5.04E-03	6.28E-04	2.66E-03	4.44E-03	5.29E-02	1.00E+00
687	4.95E-03	6.29E-04	2.70E-03	4.61E-03	5.24E-02	1.00E+00
688	4.87E-03	6.32E-04	2.75E-03	4.70E-03	5.18E-02	1.00E+00
689	4.79E-03	6.34E-04	2.79E-03	4.88E-03	5.14E-02	1.00E+00
690	4.73E-03	6.36E-04	2.82E-03	4.72E-03	5.11E-02	1.00E+00
691	4.66E-03	6.37E-04	2.82E-03	5.07E-03	5.09E-02	1.00E+00
692	4.61E-03	6.39E-04	2.79E-03	5.18E-03	5.09E-02	1.00E+00
693	4.55E-03	6.41E-04	2.73E-03	5.16E-03	5.08E-02	1.00E+00
694	4.49E-03	6.43E-04	2.65E-03	5.25E-03	5.08E-02	1.00E+00
695	4.43E-03	6.46E-04	2.55E-03	5.48E-03	5.07E-02	1.00E+00
696	4.37E-03	6.49E-04	2.43E-03	5.80E-03	5.04E-02	1.00E+00
697	4.31E-03	6.54E-04	2.32E-03	5.92E-03	5.01E-02	1.00E+00
698	4.25E-03	6.59E-04	2.22E-03	5.99E-03	4.96E-02	1.00E+00
699	4.19E-03	6.63E-04	2.15E-03	6.40E-03	4.91E-02	1.00E+00
700	4.13E-03	6.68E-04	2.11E-03	6.56E-03	4.85E-02	1.00E+00
701	4.07E-03	6.72E-04	2.12E-03	6.45E-03	4.80E-02	1.00E+00
702	4.01E-03	6.77E-04	2.16E-03	6.52E-03	4.75E-02	1.00E+00
703	3.95E-03	6.81E-04	2.22E-03	6.82E-03	4.71E-02	1.00E+00
704	3.89E-03	6.86E-04	2.28E-03	6.93E-03	4.67E-02	1.00E+00
705	3.82E-03	6.91E-04	2.34E-03	7.02E-03	4.64E-02	1.00E+00
706	3.76E-03	6.97E-04	2.37E-03	7.25E-03	4.61E-02	1.00E+00
707	3.70E-03	7.03E-04	2.38E-03	7.78E-03	4.58E-02	1.00E+00
708	3.65E-03	7.10E-04	2.39E-03	7.92E-03	4.55E-02	1.00E+00
709	3.59E-03	7.16E-04	2.39E-03	7.99E-03	4.52E-02	1.00E+00
710	3.55E-03	7.23E-04	2.39E-03	8.40E-03	4.49E-02	1.00E+00
711	3.50E-03	7.29E-04	2.43E-03	8.93E-03	4.45E-02	1.00E+00
712	3.45E-03	7.36E-04	2.47E-03	9.10E-03	4.41E-02	1.00E+00
713	3.40E-03	7.42E-04	2.49E-03	9.56E-03	4.37E-02	1.00E+00
714	3.35E-03	7.49E-04	2.48E-03	1.00E-02	4.34E-02	1.00E+00
715	3.30E-03	7.56E-04	2.45E-03	1.05E-02	4.30E-02	1.00E+00
716	3.25E-03	7.65E-04	2.35E-03	1.09E-02	4.28E-02	1.00E+00
717	3.20E-03	7.73E-04	2.25E-03	1.14E-02	4.25E-02	1.00E+00
718	3.15E-03	7.83E-04	2.18E-03	1.20E-02	4.24E-02	1.00E+00
719	3.10E-03	7.92E-04	2.15E-03	1.27E-02	4.22E-02	1.00E+00
720	3.05E-03	8.01E-04	2.19E-03	1.29E-02	4.19E-02	1.00E+00
721	3.01E-03	8.10E-04	2.35E-03	1.36E-02	4.16E-02	1.00E+00
722	2.96E-03	8.20E-04	2.58E-03	1.43E-02	4.13E-02	1.00E+00
723	2.91E-03	8.29E-04	2.87E-03	1.50E-02	4.09E-02	1.00E+00
724	2.87E-03	8.38E-04	3.18E-03	1.53E-02	4.06E-02	1.00E+00
725	2.82E-03	8.47E-04	3.50E-03	1.63E-02	4.02E-02	1.00E+00
726	2.77E-03	8.58E-04	3.77E-03	1.70E-02	4.00E-02	1.00E+00
727	2.72E-03	8.67E-04	4.00E-03	1.80E-02	3.98E-02	1.00E+00
728	2.65E-03	8.78E-04	4.18E-03	1.89E-02	3.96E-02	1.00E+00
729	2.59E-03	8.88E-04	4.33E-03	1.98E-02	3.95E-02	1.00E+00
730	2.54E-03	8.98E-04	4.44E-03	2.10E-02	3.95E-02	1.00E+00
731	2.53E-03	9.08E-04	4.54E-03	2.23E-02	3.96E-02	1.00E+00
732	2.54E-03	9.18E-04	4.62E-03	2.36E-02	3.96E-02	1.00E+00
733	2.54E-03	9.28E-04	4.68E-03	2.50E-02	3.96E-02	1.00E+00
734	2.54E-03	9.39E-04	4.73E-03	2.62E-02	3.96E-02	1.00E+00
735	2.54E-03	9.50E-04	4.79E-03	2.72E-02	3.96E-02	1.00E+00
736	2.54E-03	9.64E-04	4.84E-03	2.81E-02	3.94E-02	1.00E+00
737	2.53E-03	9.79E-04	4.92E-03	2.88E-02	3.92E-02	1.00E+00
738	2.53E-03	9.96E-04	5.05E-03	2.93E-02	3.89E-02	1.00E+00
739	2.54E-03	1.01E-03	5.23E-03	2.97E-02	3.86E-02	1.00E+00
740	2.57E-03	1.03E-03	5.47E-03	3.03E-02	3.84E-02	1.00E+00
741	2.62E-03	1.04E-03	5.78E-03	3.02E-02	3.82E-02	1.00E+00
742	2.68E-03	1.06E-03	6.15E-03	3.03E-02	3.81E-02	1.00E+00
743	2.73E-03	1.07E-03	6.56E-03	3.04E-02	3.79E-02	1.00E+00
744	2.78E-03	1.09E-03	6.99E-03	3.05E-02	3.78E-02	1.00E+00
745	2.84E-03	1.11E-03	7.43E-03	3.02E-02	3.77E-02	1.00E+00
746	2.92E-03	1.12E-03	7.85E-03	3.02E-02	3.76E-02	1.00E+00
747	2.99E-03	1.14E-03	8.26E-03	3.01E-02	3.74E-02	1.00E+00
748	3.07E-03	1.16E-03	8.64E-03	3.00E-02	3.72E-02	1.00E+00
749	3.14E-03	1.18E-03	8.99E-03	3.02E-02	3.70E-02	1.00E+00
750	3.24E-03	1.19E-03	9.33E-03	2.98E-02	3.68E-02	1.00E+00
751	3.37E-03	1.21E-03	9.65E-03	3.01E-02	3.66E-02	1.00E+00
752	3.49E-03	1.23E-03	9.96E-03	3.01E-02	3.64E-02	1.00E+00
753	3.54E-03	1.25E-03	1.03E-02	3.01E-02	3.62E-02	1.00E+00
754	3.55E-03	1.26E-03	1.06E-02	3.00E-02	3.61E-02	1.00E+00
755	3.57E-03	1.28E-03	1.09E-02	2.99E-02	3.59E-02	1.00E+00
756	3.59E-03	1.29E-03	1.12E-02	2.97E-02	3.58E-02	1.00E+00
757	3.60E-03	1.31E-03	1.15E-02	2.98E-02	3.57E-02	1.00E+00
758	3.59E-03	1.32E-03	1.17E-02	2.97E-02	3.56E-02	1.00E+00
759	3.59E-03	1.34E-03	1.18E-02	2.94E-02	3.55E-02	1.00E+00
760	3.57E-03	1.35E-03	1.18E-02	2.94E-02	3.54E-02	1.00E+00
761	3.53E-03	1.36E-03	1.17E-02	2.94E-02	3.52E-02	1.00E+00
762	3.47E-03	1.38E-03	1.14E-02	2.90E-02	3.50E-02	1.00E+00
763	3.42E-03	1.39E-03	1.09E-02	2.88E-02	3.48E-02	1.00E+00
764	3.36E-03	1.41E-03	1.04E-02	2.88E-02	3.46E-02	1.00E+00
765	3.30E-03	1.42E-03	9.79E-03	2.87E-02	3.43E-02	1.00E+00
766	3.25E-03	1.43E-03	9.17E-03	2.88E-02	3.40E-02	1.00E+00
767	3.19E-03	1.45E-03	8.54E-03	2.85E-02	3.37E-02	1.00E+00
768	3.14E-03	1.47E-03	7.89E-03	2.83E-02	3.35E-02	1.00E+00
769	3.08E-03	1.48E-03	7.26E-03	2.80E-02	3.33E-02	1.00E+00
770	3.02E-03	1.50E-03	6.65E-03	2.80E-02	3.32E-02	1.00E+00
771	2.96E-03	1.51E-03	6.04E-03	2.78E-02	3.31E-02	1.00E+00
772	2.91E-03	1.53E-03	5.49E-03	2.77E-02	3.31E-02	1.00E+00
773	2.85E-03	1.54E-03	4.99E-03	2.73E-02	3.31E-02	1.00E+00
774	2.79E-03	1.56E-03	4.55E-03	2.72E-02	3.31E-02	1.00E+00
775	2.74E-03	1.57E-03	4.18E-03	2.74E-02	3.30E-02	1.00E+00
776	2.68E-03	1.59E-03	3.89E-03	2.69E-02	3.28E-02	1.00E+00
777	2.62E-03	1.60E-03	3.65E-03	2.66E-02	3.26E-02	1.00E+00
778	2.57E-03	1.61E-03	3.43E-03	2.65E-02	3.23E-02	1.00E+00
779	2.52E-03	1.62E-03	3.22E-03	2.65E-02	3.21E-02	1.00E+00
780	2.48E-03	1.64E-03	3.01E-03	2.63E-02	3.18E-02	1.00E+00
781	2.43E-03	1.65E-03	2.75E-03	2.60E-02	3.17E-02	1.00E+00
782	2.39E-03	1.66E-03	2.50E-03	2.57E-02	3.16E-02	1.00E+00
783	2.34E-03	1.67E-03	2.26E-03	2.57E-02	3.15E-02	1.00E+00
784	2.30E-03	1.68E-03	2.07E-03	2.53E-02	3.15E-02	1.00E+00
785	2.25E-03	1.69E-03	1.93E-03	2.50E-02	3.15E-02	1.00E+00
786	2.20E-03	1.70E-03	1.89E-03	2.47E-02	3.15E-02	1.00E+00
787	2.16E-03	1.71E-03	1.91E-03	2.43E-02	3.14E-02	1.00E+00
788	2.12E-03	1.72E-03	1.99E-03	2.44E-02	3.14E-02	1.00E+00
789	2.09E-03	1.73E-03	2.10E-03	2.42E-02	3.13E-02	1.00E+00
790	2.05E-03	1.74E-03	2.23E-03	2.39E-02	3.12E-02	1.00E+00
791	2.02E-03	1.75E-03	2.33E-03	2.36E-02	3.11E-02	1.00E+00
792	1.98E-03	1.76E-03	2.42E-03	2.35E-02	3.10E-02	1.00E+00
793	1.94E-03	1.77E-03	2.51E-03	2.33E-02	3.09E-02	1.00E+00
794	1.91E-03	1.78E-03	2.59E-03	2.31E-02	3.07E-02	1.00E+00
795	1.88E-03	1.79E-03	2.66E-03	2.26E-02	3.06E-02	1.00E+00
796	1.85E-03	1.81E-03	2.74E-03	2.24E-02	3.04E-02	1.00E+00
797	1.82E-03	1.84E-03	2.82E-03	2.23E-02	3.02E-02	1.00E+00
798	1.80E-03	1.86E-03	2.90E-03	2.22E-02	3.00E-02	1.00E+00
799	1.78E-03	1.87E-03	2.97E-03	2.19E-02	2.99E-02	1.00E+00
800	1.75E-03	1.88E-03	3.04E-03	2.20E-02	2.98E-02	1.00E+00
801	1.73E-03	1.89E-03	3.09E-03	2.19E-02	2.98E-02	1.00E+00
802	1.71E-03	1.91E-03	3.14E-03	2.16E-02	2.98E-02	1.00E+00
803	1.70E-03	1.92E-03	3.19E-03	2.16E-02	2.99E-02	1.00E+00
804	1.70E-03	1.93E-03	3.24E-03	2.15E-02	2.99E-02	1.00E+00
805	1.69E-03	1.93E-03	3.30E-03	2.15E-02	3.00E-02	1.00E+00
806	1.68E-03	1.94E-03	3.37E-03	2.14E-02	3.00E-02	1.00E+00
807	1.67E-03	1.96E-03	3.46E-03	2.13E-02	2.99E-02	1.00E+00
808	1.67E-03	1.97E-03	3.56E-03	2.14E-02	2.98E-02	1.00E+00
809	1.66E-03	1.98E-03	3.70E-03	2.16E-02	2.97E-02	1.00E+00
810	1.65E-03	1.99E-03	3.86E-03	2.17E-02	2.96E-02	1.00E+00
811	1.64E-03	2.00E-03	4.05E-03	2.19E-02	2.94E-02	1.00E+00
812	1.64E-03	2.01E-03	4.25E-03	2.21E-02	2.92E-02	1.00E+00
813	1.63E-03	2.02E-03	4.46E-03	2.23E-02	2.91E-02	1.00E+00
814	1.63E-03	2.03E-03	4.66E-03	2.22E-02	2.89E-02	1.00E+00
815	1.62E-03	2.03E-03	4.86E-03	2.27E-02	2.87E-02	1.00E+00
816	1.62E-03	2.04E-03	5.01E-03	2.29E-02	2.85E-02	1.00E+00
817	1.61E-03	2.06E-03	5.17E-03	2.33E-02	2.83E-02	1.00E+00
818	1.60E-03	2.08E-03	5.32E-03	2.35E-02	2.82E-02	1.00E+00
819	1.60E-03	2.09E-03	5.50E-03	2.35E-02	2.80E-02	1.00E+00
820	1.60E-03	2.11E-03	5.70E-03	2.41E-02	2.79E-02	1.00E+00
821	1.60E-03	2.13E-03	5.95E-03	2.43E-02	2.78E-02	1.00E+00
822	1.60E-03	2.14E-03	6.20E-03	2.44E-02	2.78E-02	1.00E+00
823	1.60E-03	2.16E-03	6.43E-03	2.52E-02	2.77E-02	1.00E+00
824	1.60E-03	2.18E-03	6.62E-03	2.59E-02	2.77E-02	1.00E+00
825	1.60E-03	2.19E-03	6.74E-03	2.63E-02	2.77E-02	1.00E+00
826	1.60E-03	2.20E-03	6.74E-03	2.80E-02	2.77E-02	1.00E+00
827	1.60E-03	2.21E-03	6.68E-03	2.90E-02	2.77E-02	1.00E+00
828	1.60E-03	2.22E-03	6.57E-03	3.07E-02	2.78E-02	1.00E+00
829	1.60E-03	2.23E-03	6.44E-03	3.19E-02	2.78E-02	1.00E+00
830	1.60E-03	2.24E-03	6.32E-03	3.36E-02	2.78E-02	1.00E+00
831	1.60E-03	2.25E-03	6.26E-03	3.48E-02	2.77E-02	1.00E+00
832	1.60E-03	2.26E-03	6.22E-03	3.65E-02	2.77E-02	1.00E+00
833	1.60E-03	2.27E-03	6.21E-03	3.77E-02	2.76E-02	1.00E+00
834	1.60E-03	2.28E-03	6.20E-03	3.81E-02	2.75E-02	1.00E+00
835	1.60E-03	2.29E-03	6.18E-03	3.91E-02	2.74E-02	1.00E+00
836	1.60E-03	2.31E-03	6.14E-03	4.01E-02	2.73E-02	1.00E+00
837	1.59E-03	2.32E-03	6.06E-03	4.01E-02	2.72E-02	1.00E+00
838	1.59E-03	2.33E-03	5.94E-03	4.05E-02	2.72E-02	1.00E+00
839	1.59E-03	2.34E-03	5.78E-03	4.08E-02	2.71E-02	1.00E+00
840	1.59E-03	2.35E-03	5.58E-03	4.13E-02	2.71E-02	1.00E+00
841	1.59E-03	2.36E-03	5.34E-03	4.17E-02	2.71E-02	1.00E+00
842	1.59E-03	2.38E-03	5.10E-03	4.16E-02	2.72E-02	1.00E+00
843	1.59E-03	2.39E-03	4.89E-03	4.18E-02	2.72E-02	1.00E+00
844	1.59E-03	2.40E-03	4.72E-03	4.20E-02	2.72E-02	1.00E+00
845	1.59E-03	2.41E-03	4.61E-03	4.23E-02	2.71E-02	1.00E+00
846	1.59E-03	2.42E-03	4.62E-03	4.26E-02	2.70E-02	1.00E+00
847	1.59E-03	2.42E-03	4.66E-03	4.27E-02	2.68E-02	1.00E+00
848	1.59E-03	2.43E-03	4.73E-03	4.34E-02	2.67E-02	1.00E+00
849	1.59E-03	2.43E-03	4.79E-03	4.37E-02	2.65E-02	1.00E+00
850	1.59E-03	2.44E-03	4.81E-03	4.40E-02	2.64E-02	1.00E+00
851	1.59E-03	2.44E-03	4.73E-03	4.39E-02	2.63E-02	1.00E+00
852	1.59E-03	2.45E-03	4.62E-03	4.46E-02	2.63E-02	1.00E+00
853	1.59E-03	2.45E-03	4.51E-03	4.45E-02	2.63E-02	1.00E+00
854	1.59E-03	2.46E-03	4.44E-03	4.44E-02	2.64E-02	1.00E+00
855	1.59E-03	2.46E-03	4.43E-03	4.45E-02	2.64E-02	1.00E+00
856	1.59E-03	2.47E-03	4.57E-03	4.51E-02	2.64E-02	1.00E+00
857	1.59E-03	2.48E-03	4.78E-03	4.51E-02	2.64E-02	1.00E+00
858	1.59E-03	2.49E-03	5.02E-03	4.53E-02	2.64E-02	1.00E+00
859	1.60E-03	2.50E-03	5.28E-03	4.54E-02	2.64E-02	1.00E+00
860	1.60E-03	2.51E-03	5.51E-03	4.56E-02	2.64E-02	1.00E+00
861	1.60E-03	2.53E-03	5.63E-03	4.61E-02	2.65E-02	1.00E+00
862	1.60E-03	2.54E-03	5.74E-03	4.61E-02	2.65E-02	1.00E+00
863	1.61E-03	2.55E-03	5.85E-03	4.62E-02	2.66E-02	1.00E+00
864	1.61E-03	2.56E-03	5.99E-03	4.60E-02	2.67E-02	1.00E+00
865	1.61E-03	2.57E-03	6.20E-03	4.68E-02	2.68E-02	1.00E+00
866	1.61E-03	2.58E-03	6.55E-03	4.65E-02	2.69E-02	1.00E+00
867	1.61E-03	2.58E-03	6.97E-03	4.71E-02	2.70E-02	1.00E+00
868	1.62E-03	2.59E-03	7.44E-03	4.71E-02	2.71E-02	1.00E+00
869	1.62E-03	2.59E-03	7.93E-03	4.80E-02	2.72E-02	1.00E+00
870	1.63E-03	2.60E-03	8.42E-03	4.85E-02	2.74E-02	1.00E+00
871	1.63E-03	2.60E-03	8.82E-03	4.87E-02	2.76E-02	1.00E+00
872	1.64E-03	2.61E-03	9.22E-03	4.86E-02	2.78E-02	1.00E+00
873	1.64E-03	2.61E-03	9.68E-03	4.92E-02	2.80E-02	1.00E+00
874	1.64E-03	2.62E-03	1.02E-02	4.97E-02	2.82E-02	1.00E+00
875	1.65E-03	2.62E-03	1.09E-02	5.00E-02	2.84E-02	1.00E+00
876	1.65E-03	2.63E-03	1.17E-02	5.01E-02	2.86E-02	1.00E+00
877	1.66E-03	2.64E-03	1.26E-02	5.10E-02	2.88E-02	1.00E+00
878	1.66E-03	2.64E-03	1.36E-02	5.15E-02	2.89E-02	1.00E+00
879	1.67E-03	2.65E-03	1.47E-02	5.25E-02	2.91E-02	1.00E+00
880	1.67E-03	2.66E-03	1.58E-02	5.25E-02	2.94E-02	1.00E+00
881	1.68E-03	2.66E-03	1.69E-02	5.27E-02	2.96E-02	1.00E+00
882	1.68E-03	2.67E-03	1.79E-02	5.42E-02	2.99E-02	1.00E+00
883	1.68E-03	2.68E-03	1.91E-02	5.45E-02	3.03E-02	1.00E+00
884	1.69E-03	2.68E-03	2.03E-02	5.56E-02	3.07E-02	1.00E+00
885	1.69E-03	2.69E-03	2.17E-02	5.57E-02	3.12E-02	1.00E+00
886	1.70E-03	2.69E-03	2.33E-02	5.61E-02	3.17E-02	1.00E+00
887	1.70E-03	2.70E-03	2.50E-02	5.62E-02	3.23E-02	1.00E+00
888	1.70E-03	2.70E-03	2.68E-02	5.63E-02	3.29E-02	1.00E+00
889	1.71E-03	2.71E-03	2.86E-02	5.77E-02	3.35E-02	1.00E+00
890	1.71E-03	2.71E-03	3.05E-02	5.97E-02	3.41E-02	1.00E+00
891	1.72E-03	2.72E-03	3.22E-02	5.94E-02	3.48E-02	1.00E+00
892	1.72E-03	2.72E-03	3.38E-02	5.92E-02	3.55E-02	1.00E+00
893	1.72E-03	2.73E-03	3.54E-02	6.01E-02	3.62E-02	1.00E+00
894	1.73E-03	2.73E-03	3.70E-02	5.99E-02	3.70E-02	1.00E+00
895	1.73E-03	2.74E-03	3.86E-02	6.09E-02	3.78E-02	1.00E+00
896	1.74E-03	2.74E-03	4.03E-02	6.06E-02	3.86E-02	1.00E+00
897	1.74E-03	2.74E-03	4.20E-02	6.14E-02	3.93E-02	1.00E+00
898	1.75E-03	2.75E-03	4.36E-02	6.31E-02	4.01E-02	1.00E+00
899	1.75E-03	2.75E-03	4.52E-02	6.40E-02	4.08E-02	1.00E+00
900	1.75E-03	2.76E-03	4.67E-02	6.58E-02	4.14E-02	1.00E+00
901	1.76E-03	2.76E-03	4.80E-02	6.61E-02	4.19E-02	1.00E+00
902	1.76E-03	2.77E-03	4.94E-02	6.70E-02	4.23E-02	1.00E+00
903	1.76E-03	2.77E-03	5.09E-02	6.76E-02	4.27E-02	1.00E+00
904	1.77E-03	2.78E-03	5.26E-02	6.82E-02	4.30E-02	1.00E+00
905	1.77E-03	2.78E-03	5.47E-02	6.91E-02	4.33E-02	1.00E+00
906	1.77E-03	2.78E-03	5.72E-02	7.00E-02	4.36E-02	1.00E+00
907	1.78E-03	2.79E-03	6.01E-02	7.08E-02	4.39E-02	1.00E+00
908	1.78E-03	2.79E-03	6.34E-02	7.15E-02	4.41E-02	1.00E+00
909	1.78E-03	2.79E-03	6.69E-02	7.26E-02	4.43E-02	1.00E+00
910	1.78E-03	2.80E-03	7.07E-02	7.37E-02	4.44E-02	1.00E+00
911	1.79E-03	2.80E-03	7.45E-02	7.45E-02	4.44E-02	1.00E+00
912	1.79E-03	2.80E-03	7.84E-02	7.58E-02	4.43E-02	1.00E+00
913	1.79E-03	2.80E-03	8.22E-02	7.72E-02	4.42E-02	1.00E+00
914	1.79E-03	2.81E-03	8.59E-02	7.87E-02	4.40E-02	1.00E+00
915	1.79E-03	2.81E-03	8.96E-02	8.00E-02	4.38E-02	1.00E+00
916	1.79E-03	2.81E-03	9.31E-02	8.19E-02	4.36E-02	1.00E+00
917	1.79E-03	2.81E-03	9.66E-02	8.39E-02	4.34E-02	1.00E+00
918	1.79E-03	2.82E-03	1.00E-01	8.59E-02	4.32E-02	1.00E+00
919	1.79E-03	2.82E-03	1.03E-01	8.80E-02	4.30E-02	1.00E+00
920	1.79E-03	2.82E-03	1.07E-01	9.07E-02	4.28E-02	1.00E+00
921	1.79E-03	2.82E-03	1.10E-01	9.36E-02	4.27E-02	1.00E+00
922	1.79E-03	2.82E-03	1.14E-01	9.65E-02	4.26E-02	1.00E+00
923	1.79E-03	2.82E-03	1.17E-01	9.99E-02	4.25E-02	1.00E+00
924	1.79E-03	2.83E-03	1.20E-01	1.04E-01	4.24E-02	1.00E+00
925	1.78E-03	2.83E-03	1.24E-01	1.08E-01	4.23E-02	1.00E+00
926	1.78E-03	2.83E-03	1.27E-01	1.12E-01	4.22E-02	1.00E+00
927	1.77E-03	2.82E-03	1.30E-01	1.16E-01	4.21E-02	1.00E+00
928	1.77E-03	2.82E-03	1.32E-01	1.21E-01	4.19E-02	1.00E+00
929	1.76E-03	2.82E-03	1.34E-01	1.26E-01	4.16E-02	1.00E+00
930	1.76E-03	2.81E-03	1.35E-01	1.32E-01	4.12E-02	1.00E+00
931	1.75E-03	2.81E-03	1.34E-01	1.38E-01	4.07E-02	1.00E+00
932	1.73E-03	2.81E-03	1.32E-01	1.44E-01	4.01E-02	1.00E+00
933	1.72E-03	2.81E-03	1.29E-01	1.50E-01	3.95E-02	1.00E+00
934	1.70E-03	2.80E-03	1.24E-01	1.57E-01	3.88E-02	1.00E+00
935	1.68E-03	2.80E-03	1.18E-01	1.64E-01	3.81E-02	1.00E+00
936	1.66E-03	2.80E-03	1.10E-01	1.71E-01	3.75E-02	1.00E+00
937	1.65E-03	2.80E-03	1.01E-01	1.78E-01	3.68E-02	1.00E+00
938	1.63E-03	2.80E-03	9.14E-02	1.86E-01	3.62E-02	1.00E+00
939	1.61E-03	2.80E-03	8.20E-02	1.94E-01	3.56E-02	1.00E+00
940	1.60E-03	2.80E-03	7.31E-02	2.03E-01	3.50E-02	1.00E+00
941	1.58E-03	2.79E-03	6.54E-02	2.11E-01	3.44E-02	1.00E+00
942	1.56E-03	2.79E-03	5.86E-02	2.21E-01	3.39E-02	1.00E+00
943	1.54E-03	2.79E-03	5.28E-02	2.31E-01	3.35E-02	1.00E+00
944	1.52E-03	2.79E-03	4.79E-02	2.42E-01	3.33E-02	1.00E+00
945	1.50E-03	2.79E-03	4.36E-02	2.53E-01	3.34E-02	1.00E+00
946	1.48E-03	2.79E-03	3.96E-02	2.65E-01	3.39E-02	1.00E+00
947	1.45E-03	2.78E-03	3.60E-02	2.78E-01	3.44E-02	1.00E+00
948	1.43E-03	2.78E-03	3.28E-02	2.92E-01	3.50E-02	1.00E+00
949	1.41E-03	2.78E-03	3.00E-02	3.07E-01	3.54E-02	1.00E+00
950	1.39E-03	2.77E-03	2.75E-02	3.23E-01	3.57E-02	1.00E+00
951	1.36E-03	2.77E-03	2.54E-02	3.39E-01	3.55E-02	1.00E+00
952	1.34E-03	2.77E-03	2.36E-02	3.57E-01	3.51E-02	1.00E+00
953	1.33E-03	2.76E-03	2.21E-02	3.74E-01	3.46E-02	1.00E+00
954	1.31E-03	2.76E-03	2.09E-02	3.92E-01	3.42E-02	1.00E+00
955	1.29E-03	2.75E-03	1.98E-02	4.09E-01	3.39E-02	1.00E+00
956	1.28E-03	2.75E-03	1.88E-02	4.25E-01	3.39E-02	1.00E+00
957	1.26E-03	2.74E-03	1.79E-02	4.39E-01	3.42E-02	1.00E+00
958	1.24E-03	2.74E-03	1.72E-02	4.52E-01	3.46E-02	1.00E+00
959	1.23E-03	2.74E-03	1.65E-02	4.64E-01	3.51E-02	1.00E+00
960	1.21E-03	2.73E-03	1.60E-02	4.73E-01	3.56E-02	1.00E+00
961	1.19E-03	2.73E-03	1.55E-02	4.82E-01	3.60E-02	1.00E+00
962	1.18E-03	2.72E-03	1.51E-02	4.88E-01	3.63E-02	1.00E+00
963	1.16E-03	2.72E-03	1.47E-02	4.93E-01	3.66E-02	1.00E+00
964	1.14E-03	2.71E-03	1.44E-02	4.96E-01	3.68E-02	1.00E+00
965	1.12E-03	2.71E-03	1.39E-02	4.99E-01	3.71E-02	1.00E+00
966	1.09E-03	2.70E-03	1.34E-02	5.02E-01	3.73E-02	1.00E+00
967	1.06E-03	2.69E-03	1.29E-02	5.03E-01	3.76E-02	1.00E+00
968	1.04E-03	2.69E-03	1.25E-02	5.05E-01	3.80E-02	1.00E+00
969	1.01E-03	2.68E-03	1.21E-02	5.05E-01	3.83E-02	1.00E+00
970	9.89E-04	2.68E-03	1.18E-02	5.06E-01	3.86E-02	1.00E+00
971	9.70E-04	2.67E-03	1.16E-02	5.06E-01	3.89E-02	1.00E+00
972	9.56E-04	2.66E-03	1.15E-02	5.06E-01	3.92E-02	1.00E+00
973	9.41E-04	2.66E-03	1.15E-02	5.06E-01	3.95E-02	1.00E+00
974	9.26E-04	2.65E-03	1.16E-02	5.06E-01	3.99E-02	1.00E+00
975	9.11E-04	2.64E-03	1.16E-02	5.05E-01	4.04E-02	1.00E+00
976	8.96E-04	2.63E-03	1.16E-02	5.03E-01	4.09E-02	1.00E+00
977	8.80E-04	2.62E-03	1.15E-02	5.02E-01	4.15E-02	1.00E+00
978	8.63E-04	2.62E-03	1.14E-02	5.00E-01	4.21E-02	1.00E+00
979	8.46E-04	2.61E-03	1.13E-02	4.98E-01	4.27E-02	1.00E+00
980	8.28E-04	2.60E-03	1.12E-02	4.95E-01	4.32E-02	1.00E+00
981	8.10E-04	2.59E-03	1.11E-02	4.92E-01	4.36E-02	1.00E+00
982	7.93E-04	2.58E-03	1.11E-02	4.88E-01	4.39E-02	1.00E+00
983	7.75E-04	2.57E-03	1.12E-02	4.85E-01	4.42E-02	1.00E+00
984	7.58E-04	2.56E-03	1.13E-02	4.81E-01	4.45E-02	1.00E+00
985	7.40E-04	2.55E-03	1.15E-02	4.77E-01	4.48E-02	1.00E+00
986	7.23E-04	2.54E-03	1.18E-02	4.73E-01	4.53E-02	1.00E+00
987	7.05E-04	2.53E-03	1.22E-02	4.68E-01	4.57E-02	1.00E+00
988	6.87E-04	2.51E-03	1.26E-02	4.63E-01	4.62E-02	1.00E+00
989	6.69E-04	2.49E-03	1.32E-02	4.58E-01	4.67E-02	1.00E+00
990	6.51E-04	2.47E-03	1.38E-02	4.53E-01	4.71E-02	1.00E+00
991	6.37E-04	2.45E-03	1.46E-02	4.48E-01	4.74E-02	1.00E+00
992	6.23E-04	2.45E-03	1.54E-02	4.42E-01	4.76E-02	1.00E+00
993	6.10E-04	2.44E-03	1.62E-02	4.37E-01	4.78E-02	1.00E+00
994	5.97E-04	2.43E-03	1.71E-02	4.31E-01	4.80E-02	1.00E+00
995	5.84E-04	2.42E-03	1.79E-02	4.26E-01	4.83E-02	1.00E+00
996	5.71E-04	2.41E-03	1.86E-02	4.20E-01	4.87E-02	1.00E+00
997	5.59E-04	2.40E-03	1.94E-02	4.14E-01	4.92E-02	1.00E+00
998	5.47E-04	2.39E-03	2.01E-02	4.08E-01	4.98E-02	1.00E+00
999	5.35E-04	2.38E-03	2.09E-02	4.03E-01	5.05E-02	1.00E+00
1000	5.23E-04	2.37E-03	2.17E-02	3.97E-01	5.13E-02	1.00E+00
1001	5.12E-04	2.36E-03	2.27E-02	3.91E-01	5.22E-02	1.00E+00
1002	5.01E-04	2.34E-03	2.38E-02	3.85E-01	5.31E-02	1.00E+00
1003	4.90E-04	2.33E-03	2.50E-02	3.79E-01	5.41E-02	1.00E+00
1004	4.80E-04	2.32E-03	2.63E-02	3.72E-01	5.52E-02	1.00E+00
1005	4.69E-04	2.31E-03	2.77E-02	3.66E-01	5.62E-02	1.00E+00
1006	4.60E-04	2.30E-03	2.91E-02	3.60E-01	5.72E-02	1.00E+00
1007	4.50E-04	2.29E-03	3.06E-02	3.54E-01	5.82E-02	1.00E+00
1008	4.40E-04	2.28E-03	3.22E-02	3.48E-01	5.91E-02	1.00E+00
1009	4.31E-04	2.26E-03	3.39E-02	3.42E-01	6.00E-02	1.00E+00
1010	4.22E-04	2.25E-03	3.58E-02	3.36E-01	6.07E-02	1.00E+00
1011	4.12E-04	2.24E-03	3.79E-02	3.30E-01	6.14E-02	1.00E+00
1012	4.04E-04	2.23E-03	3.99E-02	3.24E-01	6.19E-02	1.00E+00
1013	3.95E-04	2.21E-03	4.19E-02	3.18E-01	6.25E-02	1.00E+00
1014	3.87E-04	2.20E-03	4.37E-02	3.12E-01	6.32E-02	1.00E+00
1015	3.78E-04	2.19E-03	4.52E-02	3.06E-01	6.38E-02	1.00E+00
1016	3.71E-04	2.18E-03	4.62E-02	3.00E-01	6.46E-02	1.00E+00
1017	3.63E-04	2.16E-03	4.70E-02	2.94E-01	6.54E-02	1.00E+00
1018	3.55E-04	2.15E-03	4.76E-02	2.88E-01	6.61E-02	1.00E+00
1019	3.47E-04	2.13E-03	4.81E-02	2.83E-01	6.67E-02	1.00E+00
1020	3.40E-04	2.12E-03	4.87E-02	2.77E-01	6.70E-02	1.00E+00
1021	3.33E-04	2.11E-03	4.95E-02	2.71E-01	6.70E-02	1.00E+00
1022	3.26E-04	2.09E-03	5.04E-02	2.65E-01	6.67E-02	1.00E+00
1023	3.19E-04	2.08E-03	5.14E-02	2.60E-01	6.63E-02	1.00E+00
1024	3.12E-04	2.06E-03	5.25E-02	2.55E-01	6.59E-02	1.00E+00
1025	3.06E-04	2.05E-03	5.36E-02	2.49E-01	6.56E-02	1.00E+00
1026	2.99E-04	2.04E-03	5.46E-02	2.44E-01	6.55E-02	1.00E+00
1027	2.93E-04	2.02E-03	5.55E-02	2.38E-01	6.54E-02	1.00E+00
1028	2.87E-04	2.01E-03	5.63E-02	2.33E-01	6.55E-02	1.00E+00
1029	2.81E-04	1.99E-03	5.72E-02	2.28E-01	6.57E-02	1.00E+00
1030	2.75E-04	1.98E-03	5.81E-02	2.23E-01	6.59E-02	1.00E+00
1031	2.69E-04	1.96E-03	5.91E-02	2.19E-01	6.59E-02	1.00E+00
1032	2.64E-04	1.94E-03	6.01E-02	2.15E-01	6.58E-02	1.00E+00
1033	2.58E-04	1.93E-03	6.10E-02	2.10E-01	6.56E-02	1.00E+00
1034	2.53E-04	1.91E-03	6.19E-02	2.06E-01	6.52E-02	1.00E+00
1035	2.48E-04	1.90E-03	6.26E-02	2.02E-01	6.48E-02	1.00E+00
1036	2.42E-04	1.88E-03	6.30E-02	1.97E-01	6.42E-02	1.00E+00
1037	2.37E-04	1.86E-03	6.34E-02	1.92E-01	6.36E-02	1.00E+00
1038	2.32E-04	1.85E-03	6.36E-02	1.89E-01	6.29E-02	1.00E+00
1039	2.28E-04	1.83E-03	6.36E-02	1.84E-01	6.22E-02	1.00E+00
1040	2.23E-04	1.81E-03	6.37E-02	1.81E-01	6.15E-02	1.00E+00
1041	2.18E-04	1.80E-03	6.37E-02	1.78E-01	6.08E-02	1.00E+00
1042	2.14E-04	1.78E-03	6.37E-02	1.74E-01	6.01E-02	1.00E+00
1043	2.09E-04	1.76E-03	6.36E-02	1.71E-01	5.95E-02	1.00E+00
1044	2.05E-04	1.75E-03	6.35E-02	1.68E-01	5.89E-02	1.00E+00
1045	2.01E-04	1.73E-03	6.33E-02	1.65E-01	5.82E-02	1.00E+00
1046	1.97E-04	1.71E-03	6.30E-02	1.61E-01	5.74E-02	1.00E+00
1047	1.93E-04	1.69E-03	6.25E-02	1.58E-01	5.66E-02	1.00E+00
1048	1.89E-04	1.67E-03	6.19E-02	1.55E-01	5.58E-02	1.00E+00
1049	1.85E-04	1.66E-03	6.11E-02	1.53E-01	5.51E-02	1.00E+00
1050	1.81E-04	1.64E-03	6.01E-02	1.50E-01	5.44E-02	1.00E+00
1051	1.77E-04	1.62E-03	5.88E-02	1.48E-01	5.38E-02	1.00E+00
1052	1.74E-04	1.60E-03	5.75E-02	1.46E-01	5.32E-02	1.00E+00
1053	1.70E-04	1.58E-03	5.60E-02	1.44E-01	5.26E-02	1.00E+00
1054	1.67E-04	1.56E-03	5.44E-02	1.42E-01	5.19E-02	1.00E+00
1055	1.63E-04	1.54E-03	5.27E-02	1.41E-01	5.12E-02	1.00E+00
1056	1.60E-04	1.52E-03	5.11E-02	1.39E-01	5.04E-02	1.00E+00
1057	1.57E-04	1.50E-03	4.94E-02	1.38E-01	4.95E-02	1.00E+00
1058	1.53E-04	1.49E-03	4.78E-02	1.35E-01	4.86E-02	1.00E+00
1059	1.50E-04	1.47E-03	4.62E-02	1.34E-01	4.78E-02	1.00E+00
1060	1.47E-04	1.45E-03	4.47E-02	1.34E-01	4.75E-02	1.00E+00
1061	1.44E-04	1.43E-03	4.33E-02	1.32E-01	4.68E-02	1.00E+00
1062	1.41E-04	1.41E-03	4.20E-02	1.32E-01	4.62E-02	1.00E+00
1063	1.38E-04	1.38E-03	4.07E-02	1.30E-01	4.56E-02	1.00E+00
1064	1.36E-04	1.36E-03	3.95E-02	1.29E-01	4.50E-02	1.00E+00
1065	1.33E-04	1.34E-03	3.84E-02	1.29E-01	4.43E-02	1.00E+00
1066	1.30E-04	1.32E-03	3.74E-02	1.29E-01	4.37E-02	1.00E+00
1067	1.28E-04	1.30E-03	3.64E-02	1.29E-01	4.31E-02	1.00E+00
1068	1.25E-04	1.28E-03	3.55E-02	1.28E-01	4.26E-02	1.00E+00
1069	1.22E-04	1.26E-03	3.47E-02	1.28E-01	4.20E-02	1.00E+00
1070	1.20E-04	1.24E-03	3.40E-02	1.28E-01	4.14E-02	1.00E+00
1071	1.18E-04	1.22E-03	3.34E-02	1.28E-01	4.08E-02	1.00E+00
1072	1.15E-04	1.19E-03	3.28E-02	1.28E-01	4.03E-02	1.00E+00
1073	1.13E-04	1.17E-03	3.23E-02	1.29E-01	3.97E-02	1.00E+00
1074	1.11E-04	1.15E-03	3.18E-02	1.29E-01	3.92E-02	1.00E+00
1075	1.08E-04	1.13E-03	3.13E-02	1.30E-01	3.87E-02	1.00E+00
1076	1.06E-04	1.11E-03	3.07E-02	1.30E-01	3.81E-02	1.00E+00
1077	1.04E-04	1.08E-03	3.01E-02	1.31E-01	3.76E-02	1.00E+00
1078	1.02E-04	1.06E-03	2.95E-02	1.32E-01	3.71E-02	1.00E+00
1079	1.00E-04	1.04E-03	2.89E-02	1.33E-01	3.66E-02	1.00E+00
1080	9.80E-05	1.02E-03	2.83E-02	1.33E-01	3.61E-02	1.00E+00
1081	9.60E-05	9.91E-04	2.77E-02	1.36E-01	3.56E-02	1.00E+00
1082	9.41E-05	9.68E-04	2.71E-02	1.37E-01	3.51E-02	1.00E+00
1083	9.22E-05	9.44E-04	2.65E-02	1.38E-01	3.46E-02	1.00E+00
1084	9.04E-05	9.21E-04	2.61E-02	1.40E-01	3.42E-02	1.00E+00
1085	8.86E-05	8.97E-04	2.57E-02	1.41E-01	3.37E-02	1.00E+00
1086	8.69E-05	8.73E-04	2.54E-02	1.43E-01	3.32E-02	1.00E+00
1087	8.51E-05	8.49E-04	2.52E-02	1.46E-01	3.28E-02	1.00E+00
1088	8.35E-05	8.25E-04	2.50E-02	1.47E-01	3.23E-02	1.00E+00
1089	8.18E-05	8.01E-04	2.48E-02	1.50E-01	3.19E-02	1.00E+00
1090	8.02E-05	7.76E-04	2.47E-02	1.53E-01	3.15E-02	1.00E+00
1091	7.86E-05	7.51E-04	2.44E-02	1.55E-01	3.10E-02	1.00E+00
1092	7.71E-05	7.27E-04	2.42E-02	1.58E-01	3.06E-02	1.00E+00
1093	7.55E-05	7.01E-04	2.39E-02	1.61E-01	3.02E-02	1.00E+00
1094	7.41E-05	6.77E-04	2.37E-02	1.63E-01	2.98E-02	1.00E+00
1095	7.26E-05	6.51E-04	2.36E-02	1.66E-01	2.94E-02	1.00E+00
1096	7.12E-05	6.26E-04	2.36E-02	1.69E-01	2.90E-02	1.00E+00
1097	6.97E-05	6.00E-04	2.36E-02	1.71E-01	2.86E-02	1.00E+00
1098	6.84E-05	5.74E-04	2.37E-02	1.75E-01	2.82E-02	1.00E+00
1099	6.70E-05	5.48E-04	2.39E-02	1.76E-01	2.78E-02	1.00E+00
1100	6.57E-05	5.22E-04	2.41E-02	1.78E-01	2.74E-02	1.00E+00
>>>>>>> 601f76d0bf4879d27e7741946f367a2a80e5bb98
